4.293
4.2945
4.2963
4.2908
4.2968
4.292
4.2929
4.2963
4.2953
4.2979
4.2967
4.3004
4.2962
4.2983
4.3022
4.3056
4.3026
4.3042
4.3057
4.3109
4.3081
4.3129
4.3096
4.3138
4.3153
4.3153
4.3125
4.3145
4.3181
4.3187
4.3183
4.3189
4.3224
4.3207
4.3234
4.3236
4.3233
4.327
4.3276
4.3254
4.3261
4.3276
4.3257
4.3261
4.3253
4.3262
4.3292
4.3276
4.327
4.3274
4.3322
4.3306
4.3276
4.3291
4.3339
4.3287
4.3333
4.3289
4.3318
4.3352
4.3346
4.3397
4.3416
4.3349
4.3417
4.3379
4.3413
4.341
4.338
4.344
4.3447
4.3473
4.3424
4.3418
4.3465
4.3439
4.3477
4.3477
4.348
4.344
4.3474
4.3425
4.3427
4.3412
4.3434
4.3371
4.3392
4.3427
4.3398
4.3365
4.3364
4.3367
4.3313
4.3297
4.3327
4.3301
4.3255
4.3283
4.3282
4.327
4.3269
4.3236
4.3242
4.3247
4.3284
4.3261
4.3258
4.3255
4.3248
4.3304
4.3301
4.3266
4.3301
4.328
4.3289
4.3282
4.3305
4.3299
4.3303
4.3298
4.33
4.33
4.332
4.3324
4.3296
4.3366
4.3286
4.3342
4.3338
4.3305
4.3315
4.3287
4.33
4.3286
4.3309
4.3331
4.3265
4.3247
4.3227
4.3232
4.321
4.323
4.3211
4.3213
4.318
4.3224
4.3169
4.3199
4.3153
4.3172
4.3165
4.3202
4.3187
4.3183
4.317
4.3181
4.3198
4.3181
4.3206
4.3178
4.3183
4.3248
4.3181
4.3247
4.3238
4.3228
4.3262
4.326
4.3232
4.3287
4.3276
4.3272
4.3228
4.331
4.329
4.3287
4.3267
4.3262
4.3304
4.3291
4.3258
4.3285
4.3258
4.3281
4.3267
4.3273
4.3245
4.3267
4.3212
4.3234
4.3221
4.3223
4.3256
4.3258
4.3271
4.3245
4.3276
4.3239
4.3233
4.3256
4.3229
4.324
4.3274
4.3318
4.3292
4.3318
4.3324
4.3394
4.3367
4.3424
4.3431
4.3445
4.3471
4.3478
4.3474
4.3529
4.3563
4.3561
4.3569
4.3577
4.3623
4.3617
4.3657
4.3619
4.3641
4.365
4.3625
4.3656
4.3668
4.3613
4.3628
4.3606
4.3581
4.3575
4.3497
4.3519
4.3487
4.3446
4.3428
4.3416
4.3369
4.3332
4.3339
4.3306
4.3277
4.3245
4.325
4.3236
4.3182
4.3163
4.3194
4.3128
4.3167
4.3179
4.315
4.3165
4.3127
4.3153
4.3156
4.3138
4.3132
4.3183
4.3202
4.3174
4.3221
4.32
4.3204
4.3262
4.324
4.3267
4.3296
4.3337
4.3345
4.3327
4.3357
4.3367
4.3347
4.3341
4.3337
4.3345
4.3321
4.3351
4.3328
4.3332
4.3305
4.3316
4.3292
4.3272
4.3227
4.3192
4.3159
4.3124
4.3076
4.3121
4.3031
4.2962
4.2971
4.2977
4.2892
4.2934
4.2813
4.28
4.2805
4.2759
4.2693
4.2675
4.2678
4.264
4.2586
4.2624
4.2579
4.2552
4.2587
4.2561
4.2557
4.2564
4.2574
4.2569
4.2589
4.2618
4.2622
4.2663
4.2656
4.2734
4.2721
4.2745
4.277
4.2759
4.2809
4.2783
4.2869
4.2889
4.2911
4.292
4.2933
4.2956
4.2967
4.2978
4.2978
4.2999
4.298
4.3011
4.2984
4.2962
4.2943
4.2927
4.292
4.2923
4.2888
4.2884
4.2858
4.2839
4.2827
4.2772
4.2764
4.2702
4.2737
4.2715
4.2706
4.2725
4.2657
4.2688
4.2684
4.2626
4.2613
4.2594
4.2616
4.264
4.2641
4.2638
4.265
4.2655
4.2661
4.268
4.2654
4.2645
4.2685
4.2734
4.2747
4.2744
4.2749
4.2833
4.2835
4.283
4.2839
4.2863
4.2883
4.2934
4.2859
4.2957
4.295
4.2974
4.2965
4.3023
4.2976
4.3002
4.3009
4.3052
4.3051
4.3071
4.3078
4.3051
4.3084
4.3072
4.3134
4.3106
4.3112
4.3102
4.3099
4.3068
4.3105
4.3136
4.3102
4.3118
4.3113
4.3097
4.3127
4.3123
4.312
4.3096
4.3078
4.3086
4.3094
4.3089
4.3045
4.3073
4.3042
4.3082
4.3054
4.3066
4.3074
4.3013
4.3016
4.3061
4.2973
4.3018
4.3006
4.304
4.3016
4.2981
4.2963
4.2965
4.2948
4.2977
4.2962
4.297
4.2938
4.2898
4.2926
4.2904
4.289
4.2872
4.2897
4.2872
4.2835
4.282
4.2778
4.2856
4.283
4.2808
4.2783
4.2828
4.2862
4.2815
4.2828
4.2847
4.2791
4.2814
4.2838
4.2865
4.2836
4.2908
4.2869
4.2873
4.292
4.2867
4.2928
4.2922
4.2932
4.2979
4.2974
4.2985
4.3019
4.3028
4.3003
4.302
4.3037
4.3058
4.3069
4.3043
4.3037
4.3059
4.3069
4.3009
4.3004
4.2991
4.298
4.2962
4.2966
4.2915
4.2901
4.2872
4.282
4.282
4.2822
4.2729
4.2773
4.2708
4.2697
4.2658
4.2652
4.2616
4.2619
4.2633
4.2638
4.2527
4.2558
4.2568
4.2557
4.2594
4.2582
4.2583
4.2568
4.2605
4.2618
4.264
4.2669
4.2694
4.2769
4.2752
4.2795
4.2844
4.2854
4.287
4.2944
4.294
4.2987
4.3042
4.2995
4.3065
4.3111
4.3119
4.317
4.3208
4.3242
4.3274
4.3262
4.3278
4.3323
4.331
4.3339
4.3327
4.3314
4.3323
4.3323
4.3342
4.3338
4.3312
4.3304
4.3284
4.3223
4.3235
4.3211
4.3172
4.3191
4.3149
4.3093
4.3087
4.3016
4.3035
4.3012
4.2942
4.2884
4.2922
4.2895
4.2881
4.2835
4.2821
4.283
4.2812
4.2777
4.2711
4.2745
4.2742
4.2739
4.2687
4.2724
4.2699
4.2717
4.2693
4.2728
4.2711
4.274
4.2725
4.2723
4.2742
4.2768
4.2747
4.2762
4.2761
4.2783
4.277
4.2782
4.2774
4.2793
4.278
4.2821
4.2804
4.28
4.2804
4.2765
4.2779
4.2743
4.2711
4.269
4.2709
4.2669
4.2667
4.2629
4.261
4.2591
4.2552
4.2526
4.2495
4.247
4.2469
4.2434
4.2383
4.2389
4.2395
4.2352
4.2312
4.229
4.2286
4.2276
4.2243
4.223
4.2217
4.2215
4.2209
4.2224
4.2186
4.2215
4.2181
4.2184
4.2201
4.2176
4.2167
4.2188
4.2183
4.2173
4.2184
4.2184
4.2188
4.2196
4.217
4.2214
4.2201
4.2216
4.2233
4.2223
4.2241
4.2227
4.2234
4.2254
4.2267
4.2284
4.2249
4.2248
4.2272
4.2266
4.225
4.2269
4.2272
4.2256
4.2268
4.2264
4.226
4.2254
4.2247
4.2241
4.2264
4.226
4.2257
4.2239
4.2219
4.2236
4.2227
4.2221
4.2229
4.2237
4.2229
4.2254
4.2206
4.2226
4.2244
4.2225
4.2257
4.2257
4.2267
4.2285
4.2274
4.2291
4.2298
4.2294
4.2304
4.2332
4.2315
4.2343
4.2377
4.2374
4.2384
4.2373
4.2394
4.2404
4.2415
4.2438
4.2416
4.2455
4.2444
4.2455
4.248
4.2472
4.2453
4.2452
4.2451
4.2481
4.2468
4.2479
4.2487
4.2482
4.2478
4.2501
4.2497
4.249
4.2496
4.2497
4.25
4.2526
4.2497
4.2514
4.2526
4.254
4.2526
4.2563
4.2559
4.2564
4.2571
4.2575
4.2589
4.2615
4.2606
4.2621
4.2627
4.2619
4.2639
4.265
4.2657
4.2638
4.2668
4.2642
4.2636
4.2656
4.2688
4.2652
4.2686
4.2666
4.27
4.2675
4.2684
4.2671
4.2684
4.2627
4.2621
4.2656
4.2653
4.2653
4.2604
4.2623
4.2659
4.2618
4.263
4.2601
4.2605
4.2608
4.26
4.2586
4.2602
4.2594
4.2566
4.2593
4.2585
4.2608
4.2575
4.2603
4.2578
4.2571
4.258
4.2564
4.2553
4.2552
4.2513
4.2545
4.2523
4.2517
4.2465
4.2489
4.2469
4.2472
4.247
4.2446
4.2421
4.2415
4.2397
4.2363
4.2369
4.2362
4.2342
4.2344
4.2295
4.2308
4.2295
4.2317
4.2273
4.229
4.2304
4.2274
4.2296
4.2256
4.2273
4.2276
4.2264
4.2257
4.2278
4.2292
4.2293
4.2303
4.2318
4.232
4.2311
4.2323
4.2332
4.2353
4.2345
4.2389
4.237
4.2362
4.2359
4.2357
4.2368
4.2392
4.2353
4.2355
4.2334
4.2349
4.2307
4.2307
4.2281
4.2286
4.2264
4.2243
4.2269
4.2213
4.2238
4.2191
4.22
4.2169
4.2125
4.2079
4.2
4.207
4.203
4.1997
4.2
4.2014
4.1956
4.191
4.1883
4.1855
4.1865
4.1834
4.1827
4.1849
4.182
4.1811
4.1816
4.1828
4.1832
4.1822
4.1824
4.1868
4.1859
4.1869
4.1843
4.1904
4.1928
4.1931
4.197
4.2055
4.201
4.2037
4.2022
4.2125
4.2101
4.2141
4.2185
4.2136
4.2176
4.2204
4.2192
4.2189
4.218
4.2242
4.2178
4.2198
4.2216
4.2201
4.2197
4.2155
4.2151
4.216
4.216
4.2055
4.2091
4.2069
4.2003
4.2006
4.1995
4.1989
4.195
4.1889
4.1932
4.1857
4.1841
4.1859
4.1842
4.1771
4.1773
4.178
4.1785
4.1766
4.1768
4.177
4.1796
4.1794
4.1794
4.1845
4.1788
4.1809
4.1845
4.1937
4.1912
4.1959
4.1988
4.198
4.2006
4.2054
4.2092
4.212
4.22
4.217
4.2204
4.2266
4.2235
4.2342
4.2298
4.2338
4.2394
4.235
4.2405
4.2386
4.2347
4.2445
4.2445
4.2421
4.2458
4.2445
4.2467
4.2409
4.2403
4.2396
4.2433
4.241
4.2373
4.2375
4.2386
4.2354
4.2365
4.2319
4.2272
4.2259
4.226
4.2289
4.2211
4.2193
4.2205
4.2215
4.2234
4.2162
4.2181
4.2109
4.211
4.2162
4.2159
4.2168
4.2125
4.2142
4.2136
4.2129
4.2146
4.2157
4.2166
4.2139
4.2206
4.2128
4.2186
4.2163
4.2205
4.2203
4.2238
4.2199
4.2205
4.2218
4.2234
4.2272
4.2238
4.228
4.2306
4.2268
4.2305
4.2326
4.229
4.2335
4.2324
4.2306
4.2306
4.2286
4.2321
4.2322
4.2272
4.2294
4.2291
4.2315
4.2336
4.2307
4.2335
4.2288
4.2287
4.2278
4.2302
4.2266
4.2248
4.2274
4.2264
4.231
4.2248
4.2278
4.2359
4.2369
4.2292
4.2326
4.2392
4.2374
4.2352
4.2406
4.2365
4.237
4.24
4.24
4.2375
4.2391
4.2389
4.237
4.2389
4.2349
4.2347
4.2378
4.2334
4.2317
4.2298
4.2291
4.229
4.23
4.2214
4.2199
4.2183
4.2133
4.2132
4.2138
4.2092
4.2112
4.2093
4.2084
4.2026
4.2039
4.208
4.2062
4.2021
4.203
4.2022
4.2073
4.2079
4.2111
4.2103
4.2116
4.2158
4.2197
4.2182
4.2264
4.2322
4.2285
4.2415
4.2385
4.248
4.2539
4.2549
4.2581
4.2627
4.2593
4.2676
4.2766
4.2825
4.2812
4.2821
4.286
4.2904
4.2943
4.2954
4.2993
4.2914
4.2938
4.2993
4.2933
4.2934
4.2897
4.2948
4.2897
4.2815
4.2833
4.2765
4.2764
4.2752
4.2688
4.2641
4.2623
4.2541
4.2572
4.2538
4.2462
4.2496
4.2422
4.2399
4.2411
4.2373
4.24
4.2377
4.2329
4.2333
4.233
4.2301
4.235
4.2365
4.2381
4.2371
4.2403
4.2478
4.2454
4.2515
4.2537
4.2635
4.2622
4.2695
4.2793
4.2836
4.2915
4.2947
4.2979
4.307
4.3112
4.3198
4.3193
4.3296
4.3305
4.3359
4.3431
4.3414
4.3425
4.3452
4.3485
4.3499
4.3495
4.3488
4.3508
4.3427
4.3401
4.3385
4.3379
4.3338
4.33
4.3224
4.3165
4.3154
4.3067
4.3001
4.2994
4.2913
4.2853
4.2766
4.2741
4.2662
4.2618
4.2585
4.2518
4.2541
4.2445
4.2426
4.2445
4.2451
4.2323
4.2344
4.2353
4.2345
4.2342
4.2402
4.2352
4.2405
4.246
4.2444
4.2476
4.2534
4.2559
4.2525
4.2635
4.2716
4.2728
4.2773
4.2798
4.2835
4.2819
4.2839
4.2954
4.295
4.2986
4.2991
4.3007
4.3008
4.3059
4.3049
4.3104
4.3042
4.3055
4.3035
4.2983
4.3008
4.2945
4.2946
4.2941
4.2896
4.2897
4.2805
4.2806
4.2708
4.2692
4.2706
4.2632
4.2625
4.2565
4.2509
4.2459
4.2467
4.2419
4.2366
4.2348
4.2301
4.2202
4.2273
4.2237
4.2221
4.2184
4.2192
4.2138
4.2179
4.2113
4.2081
4.2086
4.2115
4.2072
4.2102
4.2089
4.2135
4.2096
4.2139
4.2152
4.2131
4.2156
4.2126
4.2111
4.225
4.2219
4.2216
4.2193
4.2223
4.2258
4.2254
4.2286
4.2267
4.2281
4.2324
4.2303
4.2311
4.2259
4.2244
4.2298
4.2242
4.229
4.2265
4.2247
4.2247
4.2231
4.2244
4.2191
4.2229
4.2178
4.2202
4.2171
4.2147
4.2115
4.2088
4.2105
4.2074
4.2076
4.2093
4.2061
4.2064
4.2086
4.2074
4.2092
4.2096
4.2076
4.2111
4.2144
4.2133
4.2107
4.2095
4.214
4.2167
4.218
4.2194
4.216
4.2232
4.2184
4.223
4.2227
4.2294
4.2227
4.2274
4.2238
4.2221
4.227
4.2232
4.2234
4.2208
4.2191
4.2227
4.2238
4.2196
4.2171
4.2162
4.2135
4.214
4.2136
4.2037
4.2097
4.2025
4.203
4.2019
4.2018
4.1984
4.1974
4.1985
4.1932
4.1949
4.1914
4.1922
4.1922
4.1916
4.1961
4.1936
4.1944
4.1912
4.1938
4.1971
4.1947
4.1912
4.1936
4.1932
4.1997
4.1989
4.1953
4.1973
4.1958
4.1995
4.1991
4.1984
4.1973
4.198
4.1969
4.1958
4.1988
4.1923
4.1922
4.1958
4.1932
4.191
4.1873
4.186
4.1884
4.1847
4.1859
4.1821
4.1781
4.1788
4.1785
4.1729
4.1728
4.1692
4.1677
4.1626
4.1665
4.1611
4.1594
4.1532
4.1505
4.1522
4.1427
4.143
4.1387
4.1359
4.1372
4.1324
4.1274
4.1304
4.1258
4.1245
4.1235
4.1225
4.1205
4.1137
4.1148
4.1193
4.1172
4.1194
4.1155
4.1154
4.1177
4.1204
4.1205
4.1216
4.121
4.1194
4.1227
4.1283
4.1255
4.1237
4.1319
4.1345
4.1326
4.1331
4.135
4.1383
4.1372
4.1396
4.1426
4.1407
4.1462
4.1403
4.1468
4.1453
4.146
4.1445
4.1435
4.1401
4.1457
4.1414
4.1417
4.1441
4.1426
4.1388
4.1358
4.1381
4.136
4.1327
4.1291
4.1259
4.1238
4.1297
4.1267
4.1255
4.1216
4.126
4.1219
4.1182
4.1212
4.1195
4.1188
4.1165
4.1202
4.1183
4.1168
4.1168
4.118
4.1166
4.1151
4.1168
4.1189
4.1188
4.1174
4.1124
4.1187
4.1185
4.1182
4.1207
4.1234
4.1235
4.1219
4.1275
4.1276
4.1296
4.1359
4.137
4.1394
4.1424
4.143
4.148
4.1563
4.1544
4.1584
4.1637
4.1656
4.1641
4.169
4.1716
4.181
4.1851
4.1869
4.1867
4.1869
4.1916
4.1957
4.2002
4.1938
4.2056
4.2009
4.2026
4.2026
4.203
4.201
4.2026
4.2047
4.2019
4.1977
4.2045
4.1946
4.1931
4.195
4.1851
4.1855
4.1854
4.1793
4.1736
4.1736
4.1695
4.1722
4.1618
4.1639
4.1584
4.1586
4.161
4.1588
4.1549
4.1578
4.1579
4.1576
4.1576
4.1569
4.1534
4.1655
4.1622
4.1637
4.1724
4.1736
4.1773
4.1797
4.1861
4.1869
4.1925
4.1968
4.1994
4.2052
4.2089
4.212
