0.4853
0.484
0.4865
0.488
0.4866
0.4897
0.4897
0.49
0.4892
0.4903
0.4921
0.4919
0.4919
0.4897
0.4944
0.4981
0.4914
0.4963
0.4933
0.491
0.4918
0.4928
0.4921
0.491
0.4935
0.4903
0.488
0.4894
0.4849
0.4853
0.4877
0.4829
0.4864
0.4859
0.4852
0.4868
0.4835
0.4835
0.4827
0.4849
0.4859
0.4827
0.4854
0.4823
0.48
0.4811
0.4841
0.4826
0.485
0.4829
0.4834
0.4874
0.4826
0.489
0.4856
0.4832
0.4874
0.4889
0.487
0.4902
0.4899
0.4866
0.4847
0.4867
0.4841
0.4858
0.4887
0.4873
0.491
0.4859
0.491
0.4892
0.4852
0.485
0.4848
0.4817
0.4852
0.48
0.4818
0.4837
0.4789
0.4832
0.4799
0.481
0.4772
0.4754
0.4748
0.4743
0.473
0.474
0.4735
0.4705
0.4718
0.4706
0.4725
0.4714
0.4724
0.473
0.4693
0.4715
0.468
0.4712
0.4712
0.4717
0.4741
0.4728
0.4743
0.4733
0.4768
0.4734
0.4786
0.4777
0.4788
0.4771
0.4805
0.4851
0.4814
0.4864
0.4839
0.4854
0.4866
0.4834
0.4841
0.4866
0.4831
0.4827
0.4824
0.4868
0.4836
0.4835
0.4842
0.4805
0.4818
0.484
0.4814
0.4808
0.4805
0.481
0.4771
0.4809
0.4812
0.4786
0.4773
0.4804
0.4803
0.48
0.478
0.4753
0.4799
0.478
0.478
0.4816
0.4786
0.482
0.4799
0.4783
0.4784
0.4836
0.482
0.4829
0.4816
0.4845
0.4799
0.4801
0.4805
0.4813
0.4807
0.4838
0.4834
0.4812
0.4795
0.4821
0.4823
0.4807
0.4803
0.4797
0.4797
0.479
0.4778
0.4769
0.4748
0.4802
0.4774
0.475
0.4754
0.4757
0.4751
0.4717
0.4746
0.4735
0.4751
0.476
0.4746
0.4755
0.4741
0.4783
0.4771
0.475
0.4821
0.4748
0.478
0.4789
0.4798
0.4799
0.4777
0.4811
0.4782
0.4809
0.4812
0.4792
0.4818
0.4816
0.4785
0.483
0.4818
0.4834
0.4828
0.4829
0.4801
0.4847
0.4828
0.4814
0.4768
0.4788
0.4782
0.4771
0.4764
0.4749
0.4723
0.4741
0.4734
0.4709
0.47
0.467
0.4668
0.4632
0.4646
0.463
0.4663
0.4615
0.4619
0.4614
0.4567
0.4597
0.4565
0.4583
0.4579
0.4576
0.4584
0.4586
0.4542
0.4617
0.4571
0.4658
0.4641
0.4672
0.467
0.4679
0.4725
0.4703
0.4712
0.475
0.4755
0.4763
0.4769
0.4812
0.4761
0.4829
0.4806
0.4788
0.484
0.4781
0.4826
0.4802
0.4789
0.481
0.4789
0.475
0.4732
0.4756
0.4756
0.4704
0.4732
0.4662
0.4659
0.4656
0.4639
0.4588
0.4618
0.4563
0.4558
0.4547
0.4539
0.4498
0.4525
0.4493
0.4487
0.4455
0.4457
0.4463
0.4472
0.4442
0.4492
0.4501
0.4524
0.4555
0.456
0.4585
0.4612
0.4584
0.4624
0.4646
0.4648
0.47
0.4696
0.4691
0.4747
0.4764
0.4769
0.4786
0.4771
0.4833
0.4835
0.485
0.487
0.4853
0.4861
0.488
0.4903
0.4901
0.4899
0.4897
0.4858
0.4834
0.486
0.4858
0.4845
0.4848
0.4816
0.4831
0.4815
0.4787
0.4811
0.4766
0.4726
0.4729
0.4722
0.4687
0.4694
0.467
0.4642
0.4675
0.464
0.4637
0.4606
0.465
0.4617
0.4614
0.463
0.4684
0.4632
0.4667
0.4664
0.4666
0.4697
0.4689
0.468
0.4723
0.4725
0.4789
0.4778
0.48
0.4815
0.4814
0.485
0.4877
0.4867
0.4894
0.4918
0.4906
0.4909
0.4922
0.4943
0.4979
0.4955
0.4896
0.4972
0.4933
0.4955
0.4941
0.492
0.4917
0.4895
0.4905
0.4915
0.4906
0.4883
0.4882
0.4878
0.4858
0.4848
0.4845
0.4877
0.4784
0.4807
0.4875
0.4803
0.4834
0.4831
0.4822
0.4832
0.4842
0.4823
0.4856
0.4835
0.4869
0.4831
0.4884
0.4845
0.4863
0.4892
0.4918
0.486
0.4885
0.4905
0.4884
0.4906
0.4966
0.4892
0.4909
0.4948
0.4902
0.4897
0.491
0.4926
0.4889
0.4899
0.4877
0.4909
0.4853
0.489
0.4914
0.489
0.4846
0.4851
0.4889
0.486
0.4876
0.4876
0.4886
0.4888
0.4881
0.4925
0.4924
0.4934
0.499
0.4955
0.4967
0.5
0.5004
0.4984
0.5038
0.5049
0.5017
0.5071
0.5059
0.5102
0.5057
0.5059
0.5059
0.5099
0.5113
0.5112
0.5114
0.5119
0.5102
0.509
0.5133
0.5147
0.5105
0.5135
0.5118
0.5124
0.5108
0.5136
0.5103
0.5108
0.509
0.5086
0.5097
0.5092
0.5083
0.5036
0.5057
0.5035
0.503
0.5017
0.5006
0.5033
0.5029
0.5041
0.5048
0.5021
0.5065
0.5019
0.5085
0.5041
0.5072
0.5039
0.5084
0.509
0.5099
0.5128
0.5134
0.5213
0.5213
0.5175
0.525
0.5247
0.5281
0.5325
0.5342
0.5375
0.5389
0.5404
0.5425
0.5484
0.5474
0.5509
0.5556
0.5535
0.5514
0.5586
0.5593
0.5601
0.5625
0.5612
0.5622
0.5666
0.5625
0.5617
0.5652
0.5583
0.5579
0.56
0.5606
0.5547
0.5578
0.5519
0.5546
0.5516
0.5515
0.5495
0.5498
0.5488
0.5465
0.5445
0.5442
0.5408
0.5439
0.539
0.5376
0.5492
0.5475
0.5452
0.545
0.5435
0.5446
0.5523
0.5481
0.554
0.5588
0.5548
0.5561
0.5588
0.559
0.562
0.564
0.5678
0.5688
0.5683
0.5683
0.5704
0.5732
0.5731
0.572
0.5727
0.5754
0.5756
0.5773
0.5749
0.5743
0.5728
0.5706
0.5694
0.5676
0.5662
0.5639
0.5647
0.561
0.5587
0.5557
0.5531
0.5509
0.5518
0.5463
0.5439
0.5402
0.5377
0.5377
0.5366
0.5325
0.5293
0.5308
0.5291
0.5257
0.5212
0.5235
0.5194
0.5191
0.5185
0.5164
0.5144
0.5138
0.5126
0.5138
0.5097
0.5132
0.5116
0.5119
0.509
0.507
0.507
0.5061
0.5071
0.5075
0.5044
0.5032
0.5057
0.5042
0.5048
0.4987
0.5023
0.5004
0.4975
0.4996
0.4992
0.4988
0.494
0.4964
0.4946
0.4917
0.4913
0.4901
0.489
0.4869
0.4852
0.4846
0.485
0.4816
0.4766
0.4794
0.4777
0.4772
0.4765
0.476
0.4735
0.4753
0.471
0.4738
0.4724
0.4731
0.471
0.4721
0.4729
0.4688
0.4722
0.4723
0.4741
0.4713
0.4718
0.4725
0.4724
0.4723
0.4748
0.472
0.473
0.474
0.472
0.4733
0.4707
0.472
0.4711
0.4694
0.4697
0.4681
0.471
0.4648
0.4641
0.4634
0.4662
0.4625
0.4644
0.4589
0.4582
0.4592
0.4597
0.4594
0.4575
0.4572
0.4562
0.4558
0.4591
0.4586
0.4591
0.4564
0.4567
0.457
0.4599
0.4621
0.4621
0.4642
0.4636
0.466
0.4651
0.4663
0.467
0.4689
0.4697
0.4703
0.4714
0.4712
0.4716
0.4707
0.4707
0.4732
0.4718
0.4728
0.4688
0.4703
0.4697
0.4724
0.4683
0.4668
0.4699
0.4668
0.4676
0.4674
0.4655
0.465
0.4645
0.4628
0.4625
0.4635
0.4618
0.4612
0.4582
0.4606
0.4569
0.4602
0.4586
0.4558
0.4572
0.4579
0.4577
0.4586
0.4581
0.4579
0.4598
0.4576
0.4607
0.4592
0.4606
0.4622
0.4624
0.4638
0.4637
0.4668
0.4644
0.4678
0.4682
0.471
0.4688
0.4684
0.4694
0.4712
0.4706
0.4735
0.47
0.4713
0.4708
0.4668
0.4723
0.4697
0.471
0.4707
0.4712
0.4696
0.4653
0.4682
0.4693
0.468
0.4641
0.4641
0.462
0.4632
0.4585
0.4597
0.4589
0.4574
0.4546
0.4522
0.4531
0.4516
0.452
0.4518
0.4487
0.4504
0.4508
0.4487
0.4473
0.4472
0.4484
0.4485
0.4485
0.4512
0.4507
0.4533
0.4531
0.4524
0.4551
0.4551
0.4585
0.461
0.4618
0.4625
0.4628
0.4651
0.4659
0.4658
0.4658
0.4671
0.4695
0.468
0.4715
0.4691
0.467
0.4707
0.4713
0.4706
0.4707
0.4681
0.4679
0.4649
0.4658
0.4685
0.4659
0.4634
0.4628
0.4596
0.4577
0.4566
0.4563
0.4536
0.4522
0.4519
0.4488
0.4507
0.441
0.4412
0.4477
0.4424
0.4404
0.4426
0.4377
0.4428
0.443
0.4417
0.4452
0.4426
0.4421
0.4468
0.4492
0.4415
0.4482
0.4523
0.4532
0.4575
0.4523
0.4575
0.4621
0.4634
0.4647
0.4658
0.4703
0.4684
0.4667
0.4749
0.4694
0.4698
0.4682
0.4751
0.4761
0.4683
0.4711
0.4687
0.4718
0.4734
0.4723
0.4714
0.4722
0.4652
0.4654
0.4648
0.4677
0.4616
0.4611
0.4643
0.4602
0.456
0.454
0.4517
0.4532
0.4512
0.4509
0.4453
0.4499
0.4484
0.4486
0.4465
0.4405
0.4431
0.4441
0.4429
0.4454
0.4416
0.4427
0.4448
0.4513
0.4444
0.4496
0.4501
0.446
0.4489
0.4574
0.4595
0.4569
0.4607
0.4663
0.4622
0.4661
0.4664
0.4661
0.4691
0.4692
0.4738
0.4817
0.4741
0.4756
0.4774
0.4742
0.4772
0.4788
0.4844
0.4749
0.4752
0.481
0.4792
0.4781
0.4752
0.4763
0.4744
0.4692
0.4689
0.4696
0.4664
0.4673
0.4634
0.4633
0.4591
0.4607
0.4624
0.459
0.4574
0.459
0.4577
0.4587
0.4528
0.455
0.4553
0.4562
0.4527
0.4575
0.4599
0.4572
0.4564
0.4605
0.4605
0.4563
0.4604
0.4662
0.4634
0.4665
0.4676
0.4657
0.4652
0.469
0.4689
0.4678
0.4703
0.4694
0.4723
0.4727
0.4747
0.469
0.4681
0.4709
0.4742
0.4734
0.469
0.4663
0.4711
0.4648
0.4672
0.4631
0.4669
0.4615
0.4664
0.4639
0.4606
0.4636
0.4599
0.4591
0.461
0.4641
0.4644
0.4658
0.4606
0.4569
0.4666
0.4711
0.4647
0.4698
0.4685
0.467
0.4699
0.4691
0.4689
0.4719
0.4687
0.4764
0.4754
0.479
0.4741
0.4724
0.4781
0.474
0.475
0.4782
0.4725
0.4718
0.4798
0.4786
0.4753
0.473
0.4723
0.4759
0.4698
0.4752
0.4708
0.4707
0.4765
0.4708
0.4655
0.4636
0.4643
0.4651
0.461
0.4578
0.461
0.46
0.4611
0.461
0.462
0.4598
0.4587
0.4567
0.4597
0.4539
0.4605
0.4578
0.4561
0.4582
0.4548
0.4603
0.4637
0.4617
0.4663
0.4674
0.4628
0.4682
0.4678
0.4729
0.4745
0.4773
0.4811
0.4861
0.4855
0.4889
0.4897
0.4917
0.4914
0.4942
0.4933
0.4956
0.5003
0.5013
0.4987
0.5043
0.5005
0.5031
0.5018
0.4959
0.4972
0.4979
0.4938
0.496
0.4906
0.4909
0.4853
0.4827
0.482
0.4824
0.4808
0.4749
0.4713
0.4705
0.4699
0.467
0.4627
0.4606
0.4553
0.4565
0.4573
0.4586
0.4554
0.4619
0.4573
0.4591
0.4601
0.4605
0.4608
0.4669
0.4671
0.4697
0.4693
0.4712
0.4706
0.4772
0.4851
0.4781
0.4825
0.4898
0.4929
0.4952
0.4989
0.4932
0.5037
0.5047
0.5033
0.5066
0.5081
0.5081
0.51
0.5066
0.5096
0.5077
0.5114
0.5016
0.5114
0.5053
0.5052
0.5017
0.501
0.4976
0.4946
0.494
0.4945
0.4904
0.4886
0.4882
0.484
0.486
0.4757
0.4777
0.4701
0.4725
0.47
0.4669
0.4677
0.4648
0.463
0.4612
0.4677
0.4581
0.4625
0.4551
0.4558
0.4578
0.4578
0.4562
0.4582
0.4558
0.4635
0.4608
0.4614
0.4642
0.4615
0.4663
0.4682
0.4675
0.4767
0.4735
0.4839
0.477
0.4847
0.4749
0.4824
0.4867
0.4887
0.4888
0.4911
0.4885
0.4987
0.4969
0.4936
0.5004
0.496
0.4954
0.4974
0.4982
0.4978
0.4986
0.4932
0.4906
0.4902
0.4925
0.489
0.4821
0.4855
0.4841
0.485
0.4814
0.473
0.4729
0.4715
0.4749
0.4691
0.4699
0.4677
0.4628
0.4533
0.4615
0.4559
0.4603
0.4603
0.4608
0.4572
0.4542
0.46
0.4695
0.4625
0.4628
0.4627
0.4688
0.4646
0.4638
0.4676
0.4656
0.4713
0.4679
0.4729
0.4698
0.4697
0.4743
0.4768
0.4763
0.4838
0.4776
0.4801
0.4785
0.4777
0.4825
0.4825
0.482
0.4866
0.4784
0.4802
0.4842
0.4795
0.4836
0.486
0.4825
0.4893
0.487
0.4832
0.4881
0.4885
0.4837
0.4874
0.4897
0.4914
0.4913
0.4939
0.4896
0.4871
0.4911
0.491
0.4951
0.4888
0.4924
0.489
0.4889
0.49
0.488
0.4949
0.4881
0.4859
0.4875
0.4868
0.4914
0.4883
0.4876
0.4868
0.4874
0.4894
0.4806
0.4839
0.483
0.4866
0.4846
0.4876
0.4832
0.4861
0.489
0.4802
0.486
0.4869
0.488
0.4854
0.4827
0.4848
0.4891
0.4853
0.4863
0.4823
0.4879
0.4879
0.4826
0.4909
0.4853
0.4903
0.4914
0.4905
0.4853
0.4879
0.4934
0.4886
0.4872
0.4902
0.4855
0.4867
0.4893
0.4905
0.4914
0.4854
0.4842
0.4861
0.4925
0.485
0.484
0.4811
0.4817
0.4784
0.4796
0.4815
0.4827
0.4804
0.4815
0.4804
0.4819
0.4743
0.4779
0.4752
0.4724
0.4725
0.4745
0.477
0.4726
0.4725
0.4675
0.4701
0.4711
0.4663
0.4673
0.4708
0.464
0.4677
0.4651
0.4623
0.4717
0.4654
0.4652
0.4584
0.4601
0.4588
0.4661
0.4631
0.4581
0.4614
0.4612
0.4607
0.4622
0.4617
0.4612
0.4568
0.467
0.4641
0.4653
0.4603
0.464
0.4607
0.4665
0.4646
0.4659
0.467
0.4672
0.4661
0.4682
0.4664
0.471
0.4659
0.4667
0.4659
0.467
0.4644
0.4612
0.4615
0.458
0.4565
0.4582
0.4553
0.4565
0.4541
0.4547
0.4536
0.4513
0.4516
0.4473
0.4487
0.4492
0.4496
0.4464
0.4585
0.4496
0.4511
0.4484
0.4498
0.4515
0.4532
0.4562
0.4575
0.455
0.4561
0.4605
0.4595
0.4608
0.4651
0.4665
0.4641
0.4658
0.4697
0.4689
0.4648
0.4708
0.4715
0.4677
0.4724
0.4682
0.4657
0.4675
0.4644
0.4666
0.4623
0.4632
0.4604
0.4576
0.4557
0.4585
0.4579
0.4542
0.4583
0.4619
0.461
0.4544
0.4552
0.4573
0.4538
0.4563
0.4514
0.4487
0.4529
0.4514
0.457
0.4565
0.4535
0.4503
0.4557
0.4549
0.4557
0.4602
0.4599
0.461
0.4612
0.4621
0.4664
0.4692
0.4698
0.4676
0.4744
0.4756
0.4756
0.473
0.478
0.4825
0.4774
0.4834
0.4835
0.4817
0.4858
0.4881
0.4829
0.4827
0.4837
0.4823
0.4853
0.4846
0.4944
0.4884
0.4862
0.4895
0.4893
0.4897
0.4845
0.4836
0.4826
0.4845
0.4797
0.4768
0.4749
0.4747
0.476
0.4708
0.4631
0.4637
0.4668
0.4621
0.4578
0.4568
0.4558
0.4526
0.4467
0.4539
0.4492
0.4507
0.4501
0.4503
0.4457
0.449
0.4509
0.4469
0.4527
0.4511
0.4552
0.4536
0.4589
0.4541
0.4612
0.4645
0.4733
0.4682
0.4752
0.4739
0.4797
0.4792
0.4866
0.4865
0.4862
0.4923
0.4918
0.4929
