8250000000.00	4.29	0.49	1.02	0.02
8252590000.00	4.29	0.48	1.02	0.01
8255190000.00	4.30	0.49	1.02	0.01
8257780000.00	4.29	0.49	1.02	0.01
8260380000.00	4.30	0.49	1.02	0.01
8262970000.00	4.29	0.49	1.02	0.01
8265560000.00	4.29	0.49	1.02	0.01
8268160000.00	4.30	0.49	1.02	0.01
8270750000.00	4.30	0.49	1.02	0.01
8273340000.00	4.30	0.49	1.02	0.01
8275940000.00	4.30	0.49	1.02	0.01
8278530000.00	4.30	0.49	1.02	0.01
8281130000.00	4.30	0.49	1.02	0.01
8283720000.00	4.30	0.49	1.02	0.01
8286310000.00	4.30	0.49	1.02	0.01
8288910000.00	4.31	0.50	1.02	0.01
8291500000.00	4.30	0.49	1.02	0.01
8294090000.00	4.30	0.50	1.02	0.01
8296690000.00	4.31	0.49	1.02	0.01
8299280000.00	4.31	0.49	1.02	0.01
8301880000.00	4.31	0.49	1.02	0.01
8304470000.00	4.31	0.49	1.02	0.01
8307060000.00	4.31	0.49	1.02	0.01
8309660000.00	4.31	0.49	1.02	0.01
8312250000.00	4.32	0.49	1.02	0.01
8314840000.00	4.32	0.49	1.02	0.01
8317440000.00	4.31	0.49	1.02	0.01
8320030000.00	4.31	0.49	1.02	0.01
8322630000.00	4.32	0.48	1.02	0.01
8325220000.00	4.32	0.49	1.02	0.01
8327810000.00	4.32	0.49	1.02	0.01
8330410000.00	4.32	0.48	1.02	0.01
8333000000.00	4.32	0.49	1.02	0.01
8335590000.00	4.32	0.49	1.02	0.01
8338190000.00	4.32	0.49	1.02	0.01
8340780000.00	4.32	0.49	1.02	0.01
8343380000.00	4.32	0.48	1.02	0.01
8345970000.00	4.33	0.48	1.02	0.01
8348560000.00	4.33	0.48	1.02	0.01
8351160000.00	4.33	0.48	1.02	0.01
8353750000.00	4.33	0.49	1.02	0.01
8356340000.00	4.33	0.48	1.02	0.01
8358940000.00	4.33	0.49	1.02	0.01
8361530000.00	4.33	0.48	1.02	0.01
8364130000.00	4.33	0.48	1.02	0.01
8366720000.00	4.33	0.48	1.02	0.01
8369310000.00	4.33	0.48	1.02	0.02
8371910000.00	4.33	0.48	1.02	0.01
8374500000.00	4.33	0.49	1.02	0.02
8377090000.00	4.33	0.48	1.01	0.01
8379690000.00	4.33	0.48	1.01	0.01
8382280000.00	4.33	0.49	1.01	0.01
8384880000.00	4.33	0.48	1.02	0.01
8387470000.00	4.33	0.49	1.01	0.02
8390060000.00	4.33	0.49	1.01	0.01
8392660000.00	4.33	0.48	1.01	0.01
8395250000.00	4.33	0.49	1.01	0.01
8397840000.00	4.33	0.49	1.01	0.02
8400440000.00	4.33	0.49	1.01	0.01
8403030000.00	4.34	0.49	1.01	0.01
8405630000.00	4.33	0.49	1.01	0.01
8408220000.00	4.34	0.49	1.01	0.01
8410810000.00	4.34	0.48	1.01	0.01
8413410000.00	4.33	0.49	1.01	0.01
8416000000.00	4.34	0.48	1.01	0.01
8418590000.00	4.34	0.49	1.01	0.01
8421190000.00	4.34	0.49	1.01	0.01
8423780000.00	4.34	0.49	1.01	0.01
8426380000.00	4.34	0.49	1.01	0.01
8428970000.00	4.34	0.49	1.01	0.01
8431560000.00	4.34	0.49	1.01	0.01
8434160000.00	4.35	0.49	1.01	0.01
8436750000.00	4.34	0.49	1.01	0.01
8439340000.00	4.34	0.49	1.01	0.01
8441940000.00	4.35	0.48	1.01	0.01
8444530000.00	4.34	0.48	1.01	0.01
8447130000.00	4.35	0.49	1.00	0.01
8449720000.00	4.35	0.48	1.00	0.01
8452310000.00	4.35	0.48	1.00	0.01
8454910000.00	4.34	0.48	1.00	0.01
8457500000.00	4.35	0.48	1.00	0.01
8460090000.00	4.34	0.48	1.00	0.01
8462690000.00	4.34	0.48	1.00	0.01
8465280000.00	4.34	0.48	1.00	0.01
8467880000.00	4.34	0.48	1.00	0.01
8470470000.00	4.34	0.48	1.00	0.01
8473060000.00	4.34	0.47	1.00	0.01
8475660000.00	4.34	0.47	1.00	0.01
8478250000.00	4.34	0.47	1.00	0.01
8480840000.00	4.34	0.47	1.00	0.01
8483440000.00	4.34	0.47	1.00	0.01
8486030000.00	4.34	0.47	1.00	0.01
8488630000.00	4.33	0.47	1.00	0.01
8491220000.00	4.33	0.47	1.00	0.01
8493810000.00	4.33	0.47	1.00	0.01
8496410000.00	4.33	0.47	1.00	0.01
8499000000.00	4.33	0.47	1.00	0.02
8501590000.00	4.33	0.47	1.00	0.02
8504190000.00	4.33	0.47	1.00	0.02
8506780000.00	4.33	0.47	1.00	0.02
8509380000.00	4.33	0.47	1.00	0.02
8511970000.00	4.32	0.47	1.00	0.02
8514560000.00	4.32	0.47	1.00	0.02
8517160000.00	4.32	0.47	1.00	0.02
8519750000.00	4.33	0.47	1.00	0.02
8522340000.00	4.33	0.47	1.00	0.02
8524940000.00	4.33	0.47	1.00	0.02
8527530000.00	4.33	0.47	1.00	0.02
8530130000.00	4.32	0.48	1.00	0.02
8532720000.00	4.33	0.47	1.00	0.02
8535310000.00	4.33	0.48	1.00	0.02
8537910000.00	4.33	0.48	1.00	0.02
8540500000.00	4.33	0.48	1.00	0.01
8543090000.00	4.33	0.48	1.00	0.01
8545690000.00	4.33	0.48	1.00	0.01
8548280000.00	4.33	0.49	1.00	0.02
8550880000.00	4.33	0.48	1.00	0.01
8553470000.00	4.33	0.49	1.00	0.01
8556060000.00	4.33	0.48	1.00	0.01
8558660000.00	4.33	0.49	1.00	0.01
8561250000.00	4.33	0.49	1.00	0.01
8563840000.00	4.33	0.48	1.00	0.01
8566440000.00	4.33	0.48	1.00	0.01
8569030000.00	4.33	0.49	1.00	0.01
8571630000.00	4.33	0.48	1.00	0.01
8574220000.00	4.34	0.48	1.00	0.01
8576810000.00	4.33	0.48	1.00	0.01
8579410000.00	4.33	0.49	1.00	0.01
8582000000.00	4.33	0.48	1.00	0.01
8584590000.00	4.33	0.48	1.00	0.01
8587190000.00	4.33	0.48	1.00	0.01
8589780000.00	4.33	0.48	1.00	0.01
8592380000.00	4.33	0.48	1.00	0.01
8594970000.00	4.33	0.48	1.00	0.01
8597560000.00	4.33	0.48	1.00	0.01
8600160000.00	4.33	0.48	1.00	0.01
8602750000.00	4.33	0.48	1.00	0.01
8605340000.00	4.32	0.48	1.00	0.01
8607940000.00	4.32	0.48	1.00	0.01
8610530000.00	4.32	0.48	1.00	0.01
8613130000.00	4.32	0.48	1.00	0.01
8615720000.00	4.32	0.48	1.00	0.01
8618310000.00	4.32	0.48	1.00	0.01
8620910000.00	4.32	0.48	1.00	0.01
8623500000.00	4.32	0.48	1.00	0.01
8626090000.00	4.32	0.48	1.00	0.01
8628690000.00	4.32	0.48	1.00	0.01
8631280000.00	4.32	0.48	1.00	0.01
8633880000.00	4.32	0.48	1.00	0.01
8636470000.00	4.32	0.48	1.00	0.01
8639060000.00	4.32	0.48	1.00	0.01
8641660000.00	4.32	0.48	1.00	0.01
8644250000.00	4.32	0.48	1.00	0.01
8646840000.00	4.32	0.48	1.00	0.01
8649440000.00	4.32	0.48	1.00	0.01
8652030000.00	4.32	0.48	1.00	0.01
8654630000.00	4.32	0.48	1.00	0.01
8657220000.00	4.32	0.48	1.00	0.01
8659810000.00	4.32	0.48	1.00	0.01
8662410000.00	4.32	0.48	1.00	0.01
8665000000.00	4.32	0.48	1.00	0.01
8667590000.00	4.32	0.48	1.00	0.01
8670190000.00	4.32	0.48	1.00	0.01
8672780000.00	4.32	0.48	1.00	0.01
8675380000.00	4.32	0.48	1.00	0.01
8677970000.00	4.32	0.48	1.00	0.01
8680560000.00	4.33	0.48	1.00	0.01
8683160000.00	4.33	0.48	1.00	0.01
8685750000.00	4.32	0.48	1.00	0.01
8688340000.00	4.33	0.48	1.00	0.01
8690940000.00	4.33	0.48	1.00	0.01
8693530000.00	4.33	0.48	1.00	0.01
8696130000.00	4.32	0.48	1.00	0.01
8698720000.00	4.33	0.48	1.00	0.01
8701310000.00	4.33	0.48	1.00	0.01
8703910000.00	4.33	0.48	1.00	0.01
8706500000.00	4.33	0.48	1.00	0.01
8709090000.00	4.33	0.48	1.00	0.01
8711690000.00	4.33	0.48	1.00	0.01
8714280000.00	4.33	0.48	1.00	0.01
8716880000.00	4.33	0.47	1.00	0.01
8719470000.00	4.33	0.48	1.00	0.01
8722060000.00	4.33	0.48	1.00	0.01
8724660000.00	4.33	0.48	1.00	0.01
8727250000.00	4.33	0.48	1.00	0.01
8729840000.00	4.33	0.48	1.00	0.01
8732440000.00	4.32	0.48	1.00	0.01
8735030000.00	4.33	0.47	1.00	0.01
8737630000.00	4.32	0.47	1.00	0.01
8740220000.00	4.32	0.47	1.00	0.01
8742810000.00	4.32	0.48	1.00	0.01
8745410000.00	4.32	0.48	1.00	0.01
8748000000.00	4.33	0.47	1.00	0.01
8750590000.00	4.33	0.48	1.00	0.01
8753190000.00	4.33	0.47	1.00	0.01
8755780000.00	4.32	0.48	1.00	0.01
8758380000.00	4.33	0.48	1.00	0.01
8760970000.00	4.32	0.48	1.00	0.01
8763560000.00	4.32	0.48	1.00	0.01
8766160000.00	4.33	0.47	1.00	0.01
8768750000.00	4.32	0.48	1.00	0.01
8771340000.00	4.32	0.48	1.00	0.01
8773940000.00	4.33	0.48	1.00	0.01
8776530000.00	4.33	0.48	1.00	0.01
8779130000.00	4.33	0.48	1.00	0.01
8781720000.00	4.33	0.48	1.00	0.01
8784310000.00	4.33	0.48	1.00	0.01
8786910000.00	4.34	0.48	1.00	0.01
8789500000.00	4.34	0.48	1.00	0.01
8792090000.00	4.34	0.48	1.00	0.01
8794690000.00	4.34	0.48	1.00	0.01
8797280000.00	4.34	0.48	1.00	0.01
8799880000.00	4.35	0.48	1.00	0.01
8802470000.00	4.35	0.48	1.00	0.01
8805060000.00	4.35	0.48	1.00	0.01
8807660000.00	4.35	0.48	1.00	0.01
8810250000.00	4.36	0.48	1.00	0.01
8812840000.00	4.36	0.48	1.00	0.01
8815440000.00	4.36	0.48	1.00	0.01
8818030000.00	4.36	0.48	1.00	0.01
8820630000.00	4.36	0.48	1.00	0.01
8823220000.00	4.36	0.48	1.00	0.01
8825810000.00	4.37	0.48	1.00	0.01
8828410000.00	4.36	0.48	1.00	0.01
8831000000.00	4.36	0.48	0.99	0.01
8833590000.00	4.37	0.48	0.99	0.01
8836190000.00	4.36	0.48	0.99	0.01
8838780000.00	4.37	0.47	0.99	0.01
8841380000.00	4.37	0.47	0.99	0.01
8843970000.00	4.36	0.47	0.99	0.01
8846560000.00	4.36	0.47	0.99	0.01
8849160000.00	4.36	0.47	0.99	0.01
8851750000.00	4.36	0.47	0.99	0.01
8854340000.00	4.36	0.47	0.99	0.01
8856940000.00	4.35	0.47	0.99	0.01
8859530000.00	4.35	0.46	0.99	0.01
8862130000.00	4.35	0.46	0.99	0.01
8864720000.00	4.34	0.46	0.99	0.01
8867310000.00	4.34	0.47	0.99	0.01
8869910000.00	4.34	0.46	0.99	0.01
8872500000.00	4.34	0.46	0.99	0.01
8875090000.00	4.33	0.46	0.99	0.02
8877690000.00	4.33	0.46	0.99	0.02
8880280000.00	4.33	0.46	0.99	0.02
8882880000.00	4.33	0.46	0.99	0.02
8885470000.00	4.32	0.46	0.99	0.02
8888060000.00	4.33	0.46	0.99	0.02
8890660000.00	4.32	0.46	0.99	0.02
8893250000.00	4.32	0.46	0.99	0.02
8895840000.00	4.32	0.46	0.99	0.02
8898440000.00	4.32	0.45	0.99	0.02
8901030000.00	4.31	0.46	0.99	0.02
8903630000.00	4.32	0.46	0.99	0.02
8906220000.00	4.32	0.47	0.99	0.02
8908810000.00	4.32	0.46	0.99	0.02
8911410000.00	4.32	0.47	0.99	0.02
8914000000.00	4.31	0.47	0.99	0.02
8916590000.00	4.32	0.47	0.99	0.02
8919190000.00	4.32	0.47	0.99	0.02
8921780000.00	4.31	0.47	1.00	0.02
8924380000.00	4.31	0.47	1.00	0.02
8926970000.00	4.32	0.48	1.00	0.02
8929560000.00	4.32	0.48	0.99	0.02
8932160000.00	4.32	0.48	1.00	0.02
8934750000.00	4.32	0.48	1.00	0.02
8937340000.00	4.32	0.48	1.00	0.02
8939940000.00	4.32	0.48	1.00	0.01
8942530000.00	4.33	0.48	1.00	0.01
8945130000.00	4.32	0.48	1.00	0.01
8947720000.00	4.33	0.48	1.00	0.01
8950310000.00	4.33	0.48	1.00	0.01
8952910000.00	4.33	0.48	0.99	0.01
8955500000.00	4.33	0.48	0.99	0.01
8958090000.00	4.33	0.48	0.99	0.01
8960690000.00	4.34	0.48	0.99	0.01
8963280000.00	4.34	0.48	0.99	0.01
8965880000.00	4.33	0.48	0.99	0.01
8968470000.00	4.33	0.48	0.99	0.01
8971060000.00	4.33	0.47	0.99	0.01
8973660000.00	4.33	0.48	0.99	0.01
8976250000.00	4.33	0.48	0.99	0.01
8978840000.00	4.34	0.47	0.99	0.01
8981440000.00	4.33	0.47	0.99	0.01
8984030000.00	4.33	0.47	0.99	0.01
8986630000.00	4.33	0.47	0.99	0.01
8989220000.00	4.33	0.47	0.99	0.01
8991810000.00	4.33	0.46	0.99	0.02
8994410000.00	4.33	0.46	0.99	0.01
8997000000.00	4.32	0.46	0.99	0.02
8999590000.00	4.32	0.46	0.99	0.02
9002190000.00	4.32	0.46	0.99	0.02
9004780000.00	4.31	0.45	0.99	0.02
9007380000.00	4.31	0.45	0.99	0.02
9009970000.00	4.31	0.45	0.99	0.02
9012560000.00	4.30	0.45	0.99	0.02
9015160000.00	4.30	0.45	0.99	0.02
9017750000.00	4.30	0.45	0.99	0.02
9020340000.00	4.30	0.45	0.99	0.02
9022940000.00	4.29	0.45	0.99	0.02
9025530000.00	4.29	0.45	0.99	0.02
9028130000.00	4.28	0.45	0.99	0.02
9030720000.00	4.28	0.44	0.99	0.02
9033310000.00	4.28	0.45	0.99	0.02
9035910000.00	4.28	0.45	0.99	0.02
9038500000.00	4.27	0.45	0.99	0.02
9041090000.00	4.27	0.46	0.99	0.02
9043690000.00	4.27	0.46	1.00	0.02
9046280000.00	4.26	0.46	1.00	0.02
9048880000.00	4.26	0.46	1.00	0.02
9051470000.00	4.26	0.46	1.00	0.02
9054060000.00	4.26	0.46	1.00	0.02
9056660000.00	4.26	0.46	1.00	0.02
9059250000.00	4.26	0.46	1.00	0.02
9061840000.00	4.26	0.47	1.00	0.02
9064440000.00	4.26	0.47	1.01	0.02
9067030000.00	4.26	0.47	1.01	0.02
9069630000.00	4.26	0.47	1.01	0.02
9072220000.00	4.26	0.48	1.01	0.02
9074810000.00	4.26	0.48	1.01	0.02
9077410000.00	4.26	0.48	1.01	0.02
9080000000.00	4.26	0.48	1.01	0.02
9082590000.00	4.27	0.48	1.01	0.02
9085190000.00	4.27	0.48	1.01	0.02
9087780000.00	4.27	0.49	1.01	0.01
9090380000.00	4.27	0.49	1.01	0.02
9092970000.00	4.27	0.49	1.01	0.01
9095560000.00	4.28	0.49	1.01	0.01
9098160000.00	4.28	0.49	1.01	0.01
9100750000.00	4.28	0.49	1.01	0.01
9103340000.00	4.28	0.49	1.01	0.01
9105940000.00	4.29	0.49	1.01	0.01
9108530000.00	4.29	0.49	1.01	0.01
9111130000.00	4.29	0.49	1.01	0.01
9113720000.00	4.29	0.48	1.01	0.01
9116310000.00	4.29	0.49	1.01	0.01
9118910000.00	4.30	0.49	1.01	0.01
9121500000.00	4.30	0.48	1.01	0.01
9124090000.00	4.30	0.48	1.01	0.01
9126690000.00	4.30	0.48	1.00	0.01
9129280000.00	4.30	0.48	1.00	0.01
9131880000.00	4.30	0.48	1.00	0.01
9134470000.00	4.30	0.48	1.00	0.01
9137060000.00	4.30	0.48	1.00	0.01
9139660000.00	4.30	0.48	1.00	0.01
9142250000.00	4.29	0.47	1.00	0.01
9144840000.00	4.29	0.47	1.00	0.01
9147440000.00	4.29	0.47	1.00	0.01
9150030000.00	4.29	0.47	1.00	0.02
9152630000.00	4.29	0.47	1.00	0.02
9155220000.00	4.29	0.47	1.00	0.02
9157810000.00	4.29	0.46	1.00	0.02
9160410000.00	4.28	0.47	1.00	0.02
9163000000.00	4.28	0.46	1.00	0.02
9165590000.00	4.28	0.46	1.00	0.02
9168190000.00	4.28	0.46	1.00	0.02
9170780000.00	4.27	0.47	1.00	0.02
9173380000.00	4.27	0.46	1.00	0.02
9175970000.00	4.27	0.46	1.00	0.02
9178560000.00	4.27	0.46	1.01	0.02
9181160000.00	4.27	0.47	1.01	0.02
9183750000.00	4.27	0.46	1.01	0.02
9186340000.00	4.27	0.47	1.01	0.02
9188940000.00	4.27	0.47	1.01	0.02
9191530000.00	4.26	0.47	1.01	0.02
9194130000.00	4.26	0.47	1.01	0.02
9196720000.00	4.26	0.47	1.01	0.02
9199310000.00	4.26	0.47	1.01	0.02
9201910000.00	4.26	0.47	1.01	0.02
9204500000.00	4.26	0.47	1.01	0.02
9207090000.00	4.26	0.48	1.01	0.02
9209690000.00	4.27	0.48	1.01	0.02
9212280000.00	4.27	0.48	1.01	0.02
9214880000.00	4.27	0.48	1.01	0.02
9217470000.00	4.27	0.48	1.02	0.02
9220060000.00	4.27	0.49	1.02	0.02
9222660000.00	4.26	0.49	1.02	0.02
9225250000.00	4.27	0.49	1.02	0.02
9227840000.00	4.27	0.49	1.02	0.02
9230440000.00	4.27	0.49	1.02	0.01
9233030000.00	4.27	0.49	1.02	0.02
9235630000.00	4.27	0.49	1.02	0.02
9238220000.00	4.28	0.49	1.02	0.01
9240810000.00	4.28	0.49	1.02	0.02
9243410000.00	4.28	0.50	1.02	0.02
9246000000.00	4.28	0.50	1.02	0.01
9248590000.00	4.29	0.49	1.02	0.01
9251190000.00	4.29	0.50	1.02	0.01
9253780000.00	4.29	0.49	1.02	0.01
9256380000.00	4.29	0.50	1.02	0.01
9258970000.00	4.30	0.49	1.02	0.01
9261560000.00	4.30	0.49	1.02	0.01
9264160000.00	4.30	0.49	1.02	0.01
9266750000.00	4.30	0.49	1.02	0.01
9269340000.00	4.30	0.49	1.02	0.02
9271940000.00	4.30	0.49	1.02	0.02
9274530000.00	4.30	0.49	1.02	0.02
9277130000.00	4.30	0.49	1.02	0.02
9279720000.00	4.31	0.49	1.02	0.02
9282310000.00	4.31	0.49	1.01	0.02
9284910000.00	4.31	0.49	1.01	0.02
9287500000.00	4.31	0.48	1.01	0.02
9290090000.00	4.31	0.48	1.01	0.02
9292690000.00	4.31	0.49	1.01	0.02
9295280000.00	4.31	0.48	1.01	0.02
9297880000.00	4.31	0.48	1.01	0.02
9300470000.00	4.31	0.49	1.01	0.02
9303060000.00	4.31	0.48	1.01	0.02
9305660000.00	4.31	0.48	1.01	0.02
9308250000.00	4.31	0.48	1.01	0.02
9310840000.00	4.31	0.48	1.01	0.02
9313440000.00	4.31	0.48	1.01	0.02
9316030000.00	4.31	0.48	1.01	0.02
9318630000.00	4.31	0.48	1.01	0.02
9321220000.00	4.31	0.49	1.01	0.02
9323810000.00	4.31	0.48	1.01	0.02
9326410000.00	4.31	0.49	1.01	0.02
9329000000.00	4.31	0.48	1.01	0.02
9331590000.00	4.31	0.49	1.01	0.02
9334190000.00	4.31	0.48	1.01	0.02
9336780000.00	4.31	0.49	1.01	0.02
9339380000.00	4.31	0.49	1.01	0.02
9341970000.00	4.31	0.49	1.01	0.02
9344560000.00	4.31	0.49	1.01	0.02
9347160000.00	4.31	0.49	1.01	0.02
9349750000.00	4.30	0.49	1.01	0.02
9352340000.00	4.31	0.49	1.01	0.02
9354940000.00	4.30	0.49	1.01	0.02
9357530000.00	4.31	0.50	1.01	0.02
9360130000.00	4.31	0.49	1.01	0.02
9362720000.00	4.31	0.49	1.01	0.02
9365310000.00	4.31	0.49	1.01	0.02
9367910000.00	4.30	0.49	1.01	0.02
9370500000.00	4.30	0.49	1.01	0.02
9373090000.00	4.31	0.49	1.01	0.02
9375690000.00	4.30	0.49	1.01	0.02
9378280000.00	4.30	0.49	1.01	0.02
9380880000.00	4.30	0.49	1.01	0.02
9383470000.00	4.30	0.49	1.01	0.02
9386060000.00	4.30	0.49	1.01	0.02
9388660000.00	4.30	0.49	1.01	0.02
9391250000.00	4.30	0.49	1.01	0.02
9393840000.00	4.30	0.49	1.01	0.02
9396440000.00	4.29	0.49	1.01	0.02
9399030000.00	4.30	0.48	1.01	0.02
9401630000.00	4.30	0.49	1.01	0.02
9404220000.00	4.30	0.49	1.01	0.02
9406810000.00	4.29	0.49	1.01	0.02
9409410000.00	4.29	0.49	1.01	0.03
9412000000.00	4.29	0.49	1.01	0.03
9414590000.00	4.29	0.49	1.01	0.03
9417190000.00	4.29	0.49	1.01	0.03
9419780000.00	4.29	0.49	1.01	0.03
9422380000.00	4.29	0.49	1.01	0.03
9424970000.00	4.29	0.49	1.01	0.03
9427560000.00	4.28	0.49	1.01	0.03
9430160000.00	4.28	0.50	1.01	0.03
9432750000.00	4.28	0.50	1.01	0.03
9435340000.00	4.29	0.50	1.01	0.03
9437940000.00	4.28	0.50	1.01	0.03
9440530000.00	4.28	0.50	1.01	0.03
9443130000.00	4.28	0.50	1.02	0.03
9445720000.00	4.28	0.50	1.02	0.03
9448310000.00	4.29	0.50	1.01	0.03
9450910000.00	4.28	0.50	1.02	0.03
9453500000.00	4.28	0.51	1.02	0.03
9456090000.00	4.28	0.51	1.02	0.03
9458690000.00	4.28	0.51	1.02	0.03
9461280000.00	4.28	0.51	1.02	0.02
9463880000.00	4.28	0.51	1.02	0.02
9466470000.00	4.29	0.51	1.02	0.02
9469060000.00	4.28	0.51	1.02	0.02
9471660000.00	4.29	0.51	1.02	0.02
9474250000.00	4.29	0.51	1.02	0.02
9476840000.00	4.29	0.51	1.02	0.02
9479440000.00	4.29	0.51	1.02	0.02
9482030000.00	4.29	0.51	1.02	0.02
9484630000.00	4.29	0.51	1.02	0.02
9487220000.00	4.29	0.51	1.02	0.02
9489810000.00	4.29	0.51	1.02	0.02
9492410000.00	4.30	0.51	1.02	0.02
9495000000.00	4.30	0.51	1.02	0.02
9497590000.00	4.30	0.51	1.02	0.02
9500190000.00	4.30	0.51	1.02	0.02
9502780000.00	4.30	0.51	1.01	0.02
9505380000.00	4.30	0.51	1.01	0.02
9507970000.00	4.30	0.51	1.01	0.02
9510560000.00	4.30	0.51	1.01	0.02
9513160000.00	4.31	0.51	1.01	0.02
9515750000.00	4.31	0.51	1.01	0.02
9518340000.00	4.30	0.51	1.01	0.03
9520940000.00	4.30	0.51	1.01	0.03
9523530000.00	4.31	0.51	1.01	0.03
9526130000.00	4.31	0.50	1.01	0.03
9528720000.00	4.30	0.51	1.01	0.03
9531310000.00	4.30	0.50	1.01	0.03
9533910000.00	4.30	0.50	1.01	0.03
9536500000.00	4.30	0.50	1.01	0.03
9539090000.00	4.30	0.50	1.01	0.03
9541690000.00	4.30	0.50	1.01	0.03
9544280000.00	4.29	0.50	1.01	0.03
9546880000.00	4.29	0.50	1.01	0.03
9549470000.00	4.29	0.50	1.01	0.03
9552060000.00	4.28	0.50	1.02	0.03
9554660000.00	4.28	0.51	1.01	0.03
9557250000.00	4.28	0.50	1.02	0.03
9559840000.00	4.27	0.51	1.02	0.03
9562440000.00	4.28	0.50	1.02	0.03
9565030000.00	4.27	0.51	1.02	0.04
9567630000.00	4.27	0.50	1.02	0.03
9570220000.00	4.27	0.51	1.02	0.03
9572810000.00	4.27	0.51	1.02	0.04
9575410000.00	4.26	0.51	1.02	0.04
9578000000.00	4.26	0.51	1.02	0.04
9580590000.00	4.26	0.51	1.02	0.04
9583190000.00	4.26	0.52	1.02	0.04
9585780000.00	4.25	0.52	1.03	0.04
9588380000.00	4.26	0.52	1.02	0.04
9590970000.00	4.26	0.53	1.03	0.04
9593560000.00	4.26	0.52	1.03	0.04
9596160000.00	4.26	0.53	1.03	0.04
9598750000.00	4.26	0.53	1.03	0.04
9601340000.00	4.26	0.53	1.03	0.04
9603940000.00	4.26	0.54	1.03	0.04
9606530000.00	4.26	0.54	1.03	0.04
9609130000.00	4.26	0.54	1.03	0.04
9611720000.00	4.26	0.54	1.03	0.03
9614310000.00	4.27	0.55	1.03	0.03
9616910000.00	4.27	0.55	1.03	0.03
9619500000.00	4.28	0.55	1.03	0.03
9622090000.00	4.28	0.56	1.03	0.04
9624690000.00	4.28	0.55	1.03	0.03
9627280000.00	4.28	0.55	1.03	0.03
9629880000.00	4.29	0.56	1.03	0.03
9632470000.00	4.29	0.56	1.03	0.03
9635060000.00	4.29	0.56	1.03	0.03
9637660000.00	4.29	0.56	1.03	0.03
9640250000.00	4.30	0.56	1.03	0.03
9642840000.00	4.30	0.56	1.03	0.03
9645440000.00	4.30	0.57	1.03	0.03
9648030000.00	4.31	0.56	1.03	0.03
9650630000.00	4.31	0.56	1.03	0.03
9653220000.00	4.31	0.57	1.03	0.03
9655810000.00	4.32	0.56	1.02	0.03
9658410000.00	4.32	0.56	1.02	0.03
9661000000.00	4.32	0.56	1.02	0.03
9663590000.00	4.33	0.56	1.02	0.03
9666190000.00	4.33	0.55	1.02	0.04
9668780000.00	4.33	0.56	1.02	0.04
9671380000.00	4.33	0.55	1.02	0.04
9673970000.00	4.33	0.55	1.02	0.04
9676560000.00	4.33	0.55	1.02	0.04
9679160000.00	4.33	0.55	1.02	0.04
9681750000.00	4.33	0.55	1.02	0.04
9684340000.00	4.33	0.55	1.02	0.04
9686940000.00	4.33	0.55	1.01	0.04
9689530000.00	4.33	0.55	1.01	0.04
9692130000.00	4.33	0.54	1.01	0.04
9694720000.00	4.33	0.54	1.01	0.05
9697310000.00	4.33	0.54	1.01	0.05
9699910000.00	4.33	0.54	1.01	0.05
9702500000.00	4.32	0.54	1.01	0.05
9705090000.00	4.32	0.54	1.01	0.05
9707690000.00	4.32	0.55	1.01	0.05
9710280000.00	4.32	0.55	1.01	0.05
9712880000.00	4.32	0.55	1.01	0.05
9715470000.00	4.31	0.55	1.01	0.05
9718060000.00	4.31	0.54	1.01	0.05
9720660000.00	4.31	0.54	1.01	0.05
9723250000.00	4.30	0.55	1.01	0.06
9725840000.00	4.30	0.55	1.01	0.06
9728440000.00	4.30	0.55	1.01	0.06
9731030000.00	4.29	0.56	1.01	0.06
9733630000.00	4.29	0.55	1.01	0.06
9736220000.00	4.29	0.56	1.01	0.06
9738810000.00	4.29	0.56	1.01	0.06
9741410000.00	4.29	0.56	1.00	0.06
9744000000.00	4.28	0.56	1.01	0.06
9746590000.00	4.28	0.56	1.01	0.06
9749190000.00	4.28	0.57	1.00	0.06
9751780000.00	4.28	0.57	1.00	0.06
9754380000.00	4.28	0.57	1.00	0.06
9756970000.00	4.27	0.57	1.01	0.06
9759560000.00	4.27	0.57	1.00	0.06
9762160000.00	4.27	0.57	1.00	0.06
9764750000.00	4.27	0.57	1.00	0.06
9767340000.00	4.27	0.57	1.00	0.06
9769940000.00	4.27	0.57	1.00	0.06
9772530000.00	4.27	0.58	1.00	0.06
9775130000.00	4.27	0.58	1.00	0.06
9777720000.00	4.27	0.58	1.00	0.06
9780310000.00	4.27	0.57	1.00	0.06
9782910000.00	4.27	0.57	1.00	0.06
9785500000.00	4.27	0.57	1.00	0.06
9788090000.00	4.27	0.57	1.00	0.06
9790690000.00	4.27	0.57	0.99	0.06
9793280000.00	4.27	0.57	0.99	0.06
9795880000.00	4.28	0.57	0.99	0.06
9798470000.00	4.27	0.56	0.99	0.06
9801060000.00	4.28	0.56	0.99	0.06
9803660000.00	4.28	0.56	0.99	0.06
9806250000.00	4.28	0.56	0.99	0.06
9808840000.00	4.28	0.56	0.98	0.06
9811440000.00	4.28	0.55	0.98	0.06
9814030000.00	4.28	0.55	0.98	0.06
9816630000.00	4.28	0.55	0.98	0.06
9819220000.00	4.28	0.55	0.98	0.06
9821810000.00	4.28	0.54	0.98	0.06
9824410000.00	4.28	0.54	0.98	0.06
9827000000.00	4.28	0.54	0.97	0.06
9829590000.00	4.28	0.54	0.97	0.06
9832190000.00	4.28	0.54	0.97	0.07
9834780000.00	4.28	0.53	0.97	0.07
9837380000.00	4.27	0.53	0.97	0.06
9839970000.00	4.27	0.53	0.97	0.07
9842560000.00	4.27	0.53	0.97	0.07
9845160000.00	4.27	0.53	0.96	0.07
9847750000.00	4.27	0.52	0.96	0.07
9850340000.00	4.27	0.52	0.96	0.07
9852940000.00	4.26	0.52	0.96	0.07
9855530000.00	4.26	0.52	0.96	0.07
9858130000.00	4.26	0.52	0.96	0.07
9860720000.00	4.26	0.52	0.96	0.07
9863310000.00	4.25	0.51	0.96	0.07
9865910000.00	4.25	0.51	0.96	0.07
9868500000.00	4.25	0.51	0.96	0.07
9871090000.00	4.25	0.51	0.96	0.07
9873690000.00	4.24	0.51	0.95	0.07
9876280000.00	4.24	0.51	0.95	0.07
9878880000.00	4.24	0.51	0.95	0.06
9881470000.00	4.24	0.51	0.95	0.06
9884060000.00	4.24	0.51	0.95	0.06
9886660000.00	4.23	0.51	0.95	0.06
9889250000.00	4.23	0.51	0.95	0.06
9891840000.00	4.23	0.51	0.95	0.06
9894440000.00	4.23	0.51	0.95	0.06
9897030000.00	4.22	0.51	0.95	0.06
9899630000.00	4.22	0.50	0.95	0.06
9902220000.00	4.22	0.50	0.95	0.06
9904810000.00	4.22	0.51	0.95	0.06
9907410000.00	4.22	0.50	0.95	0.06
9910000000.00	4.22	0.50	0.95	0.06
9912590000.00	4.22	0.50	0.95	0.05
9915190000.00	4.22	0.50	0.95	0.05
9917780000.00	4.22	0.50	0.95	0.05
9920380000.00	4.22	0.50	0.95	0.05
9922970000.00	4.22	0.50	0.95	0.05
9925560000.00	4.22	0.50	0.95	0.05
9928160000.00	4.22	0.50	0.95	0.05
9930750000.00	4.22	0.49	0.95	0.05
9933340000.00	4.22	0.50	0.95	0.05
9935940000.00	4.22	0.49	0.95	0.05
9938530000.00	4.22	0.49	0.95	0.05
9941130000.00	4.22	0.49	0.95	0.05
9943720000.00	4.22	0.49	0.95	0.04
9946310000.00	4.22	0.49	0.94	0.04
9948910000.00	4.22	0.49	0.95	0.04
9951500000.00	4.22	0.49	0.94	0.04
9954090000.00	4.22	0.48	0.94	0.04
9956690000.00	4.22	0.49	0.94	0.04
9959280000.00	4.22	0.48	0.94	0.04
9961880000.00	4.22	0.48	0.94	0.04
9964470000.00	4.22	0.48	0.94	0.04
9967060000.00	4.22	0.48	0.94	0.04
9969660000.00	4.22	0.48	0.94	0.04
9972250000.00	4.23	0.48	0.94	0.04
9974840000.00	4.23	0.48	0.94	0.04
9977440000.00	4.23	0.47	0.94	0.04
9980030000.00	4.22	0.48	0.94	0.04
9982630000.00	4.22	0.47	0.94	0.04
9985220000.00	4.23	0.47	0.94	0.04
9987810000.00	4.23	0.47	0.94	0.04
9990410000.00	4.23	0.47	0.94	0.04
9993000000.00	4.23	0.47	0.94	0.03
9995590000.00	4.23	0.47	0.94	0.04
9998190000.00	4.23	0.47	0.94	0.03
10000800000.00	4.23	0.47	0.94	0.03
10003400000.00	4.23	0.47	0.94	0.03
10006000000.00	4.23	0.47	0.94	0.03
10008600000.00	4.23	0.47	0.94	0.03
10011200000.00	4.22	0.47	0.94	0.03
10013800000.00	4.22	0.47	0.94	0.03
10016300000.00	4.23	0.47	0.94	0.03
10018900000.00	4.23	0.47	0.94	0.03
10021500000.00	4.23	0.47	0.94	0.03
10024100000.00	4.22	0.47	0.94	0.03
10026700000.00	4.22	0.47	0.94	0.03
10029300000.00	4.22	0.47	0.94	0.03
10031900000.00	4.22	0.47	0.94	0.03
10034500000.00	4.22	0.47	0.95	0.02
10037100000.00	4.22	0.47	0.95	0.02
10039700000.00	4.22	0.47	0.95	0.02
10042300000.00	4.22	0.47	0.95	0.02
10044900000.00	4.23	0.47	0.95	0.02
10047500000.00	4.22	0.47	0.95	0.02
10050100000.00	4.22	0.47	0.95	0.02
10052700000.00	4.22	0.47	0.95	0.02
10055300000.00	4.22	0.47	0.95	0.02
10057800000.00	4.23	0.46	0.95	0.02
10060400000.00	4.23	0.46	0.95	0.02
10063000000.00	4.23	0.46	0.95	0.02
10065600000.00	4.23	0.47	0.95	0.02
10068200000.00	4.23	0.46	0.95	0.02
10070800000.00	4.23	0.46	0.95	0.02
10073400000.00	4.23	0.46	0.95	0.02
10076000000.00	4.23	0.46	0.95	0.02
10078600000.00	4.23	0.46	0.95	0.02
10081200000.00	4.23	0.46	0.95	0.02
10083800000.00	4.23	0.46	0.95	0.02
10086400000.00	4.23	0.46	0.95	0.02
10089000000.00	4.24	0.46	0.95	0.02
10091600000.00	4.24	0.46	0.95	0.02
10094200000.00	4.24	0.46	0.95	0.02
10096800000.00	4.24	0.46	0.95	0.02
10099300000.00	4.24	0.46	0.95	0.02
10101900000.00	4.24	0.46	0.95	0.02
10104500000.00	4.24	0.46	0.95	0.02
10107100000.00	4.24	0.46	0.95	0.01
10109700000.00	4.24	0.46	0.95	0.02
10112300000.00	4.25	0.46	0.95	0.01
10114900000.00	4.24	0.46	0.95	0.01
10117500000.00	4.25	0.46	0.95	0.01
10120100000.00	4.25	0.46	0.95	0.01
10122700000.00	4.25	0.46	0.95	0.01
10125300000.00	4.25	0.47	0.95	0.01
10127900000.00	4.25	0.47	0.95	0.01
10130500000.00	4.25	0.47	0.95	0.01
10133100000.00	4.25	0.47	0.95	0.01
10135700000.00	4.25	0.47	0.95	0.01
10138300000.00	4.25	0.47	0.95	0.01
10140800000.00	4.25	0.47	0.95	0.01
10143400000.00	4.25	0.47	0.95	0.01
10146000000.00	4.25	0.47	0.95	0.01
10148600000.00	4.25	0.47	0.96	0.01
10151200000.00	4.25	0.47	0.96	0.01
10153800000.00	4.25	0.47	0.96	0.01
10156400000.00	4.25	0.47	0.96	0.01
10159000000.00	4.25	0.47	0.96	0.01
10161600000.00	4.25	0.47	0.96	0.01
10164200000.00	4.25	0.47	0.96	0.01
10166800000.00	4.25	0.47	0.96	0.01
10169400000.00	4.25	0.47	0.96	0.01
10172000000.00	4.25	0.47	0.96	0.01
10174600000.00	4.25	0.47	0.96	0.01
10177200000.00	4.25	0.47	0.96	0.01
10179800000.00	4.26	0.47	0.96	0.01
10182300000.00	4.26	0.47	0.96	0.01
10184900000.00	4.26	0.47	0.96	0.01
10187500000.00	4.26	0.47	0.96	0.01
10190100000.00	4.26	0.47	0.96	0.01
10192700000.00	4.26	0.47	0.96	0.01
10195300000.00	4.26	0.46	0.96	0.01
10197900000.00	4.26	0.46	0.96	0.01
10200500000.00	4.26	0.46	0.96	0.01
10203100000.00	4.26	0.46	0.96	0.01
10205700000.00	4.26	0.46	0.96	0.01
10208300000.00	4.26	0.46	0.96	0.01
10210900000.00	4.27	0.46	0.96	0.01
10213500000.00	4.27	0.46	0.96	0.01
10216100000.00	4.26	0.46	0.96	0.01
10218700000.00	4.27	0.46	0.96	0.01
10221300000.00	4.26	0.46	0.96	0.01
10223800000.00	4.26	0.46	0.96	0.01
10226400000.00	4.27	0.46	0.96	0.01
10229000000.00	4.27	0.46	0.96	0.01
10231600000.00	4.27	0.46	0.96	0.01
10234200000.00	4.27	0.46	0.96	0.01
10236800000.00	4.27	0.46	0.96	0.01
10239400000.00	4.27	0.46	0.96	0.01
10242000000.00	4.27	0.46	0.96	0.01
10244600000.00	4.27	0.46	0.96	0.01
10247200000.00	4.27	0.46	0.96	0.01
10249800000.00	4.27	0.46	0.96	0.01
10252400000.00	4.26	0.46	0.96	0.01
10255000000.00	4.26	0.46	0.96	0.01
10257600000.00	4.27	0.46	0.96	0.01
10260200000.00	4.27	0.46	0.96	0.01
10262800000.00	4.27	0.46	0.96	0.01
10265300000.00	4.26	0.47	0.96	0.01
10267900000.00	4.26	0.46	0.96	0.01
10270500000.00	4.27	0.47	0.96	0.01
10273100000.00	4.26	0.47	0.96	0.01
10275700000.00	4.26	0.47	0.96	0.01
10278300000.00	4.26	0.47	0.96	0.01
10280900000.00	4.26	0.47	0.96	0.01
10283500000.00	4.26	0.47	0.96	0.01
10286100000.00	4.26	0.47	0.96	0.01
10288700000.00	4.26	0.47	0.96	0.01
10291300000.00	4.26	0.47	0.96	0.01
10293900000.00	4.26	0.47	0.96	0.01
10296500000.00	4.26	0.47	0.96	0.01
10299100000.00	4.26	0.47	0.96	0.01
10301700000.00	4.26	0.47	0.96	0.00
10304300000.00	4.26	0.47	0.96	0.00
10306800000.00	4.26	0.47	0.96	0.00
10309400000.00	4.26	0.47	0.96	0.00
10312000000.00	4.26	0.47	0.96	0.00
10314600000.00	4.26	0.47	0.96	0.00
10317200000.00	4.26	0.47	0.96	0.00
10319800000.00	4.26	0.47	0.96	0.00
10322400000.00	4.26	0.47	0.96	0.00
10325000000.00	4.26	0.47	0.96	0.00
10327600000.00	4.25	0.47	0.96	0.00
10330200000.00	4.25	0.46	0.96	0.00
10332800000.00	4.25	0.46	0.96	0.00
10335400000.00	4.25	0.46	0.96	0.00
10338000000.00	4.25	0.46	0.96	0.00
10340600000.00	4.25	0.46	0.96	0.00
10343200000.00	4.25	0.46	0.96	0.00
10345800000.00	4.25	0.46	0.96	0.00
10348300000.00	4.25	0.46	0.96	0.01
10350900000.00	4.24	0.45	0.96	0.00
10353500000.00	4.24	0.45	0.96	0.00
10356100000.00	4.24	0.45	0.96	0.01
10358700000.00	4.24	0.45	0.96	0.00
10361300000.00	4.24	0.45	0.96	0.01
10363900000.00	4.24	0.45	0.96	0.01
10366500000.00	4.24	0.45	0.96	0.01
10369100000.00	4.23	0.45	0.96	0.01
10371700000.00	4.23	0.45	0.96	0.01
10374300000.00	4.23	0.45	0.96	0.01
10376900000.00	4.23	0.45	0.96	0.01
10379500000.00	4.23	0.45	0.96	0.01
10382100000.00	4.23	0.45	0.96	0.01
10384700000.00	4.23	0.45	0.97	0.01
10387300000.00	4.23	0.45	0.96	0.01
10389800000.00	4.23	0.45	0.97	0.01
10392400000.00	4.23	0.45	0.97	0.01
10395000000.00	4.23	0.45	0.97	0.01
10397600000.00	4.23	0.45	0.97	0.01
10400200000.00	4.23	0.45	0.97	0.01
10402800000.00	4.23	0.46	0.97	0.01
10405400000.00	4.23	0.46	0.97	0.01
10408000000.00	4.23	0.46	0.97	0.01
10410600000.00	4.23	0.46	0.97	0.01
10413200000.00	4.23	0.46	0.97	0.01
10415800000.00	4.23	0.46	0.97	0.01
10418400000.00	4.23	0.46	0.97	0.01
10421000000.00	4.23	0.47	0.97	0.01
10423600000.00	4.23	0.47	0.97	0.00
10426200000.00	4.23	0.47	0.97	0.00
10428800000.00	4.23	0.47	0.97	0.01
10431300000.00	4.23	0.47	0.97	0.00
10433900000.00	4.24	0.47	0.97	0.00
10436500000.00	4.23	0.47	0.97	0.00
10439100000.00	4.24	0.47	0.97	0.00
10441700000.00	4.24	0.47	0.97	0.00
10444300000.00	4.24	0.47	0.97	0.00
10446900000.00	4.24	0.47	0.97	0.00
10449500000.00	4.24	0.47	0.97	0.00
10452100000.00	4.24	0.47	0.97	0.00
10454700000.00	4.24	0.47	0.97	0.00
10457300000.00	4.24	0.47	0.97	0.00
10459900000.00	4.24	0.47	0.97	0.00
10462500000.00	4.23	0.46	0.97	0.00
10465100000.00	4.23	0.47	0.97	0.00
10467700000.00	4.23	0.47	0.97	0.00
10470300000.00	4.23	0.47	0.97	0.00
10472800000.00	4.23	0.46	0.97	0.00
10475400000.00	4.23	0.46	0.97	0.00
10478000000.00	4.23	0.46	0.97	0.00
10480600000.00	4.22	0.46	0.97	0.00
10483200000.00	4.23	0.46	0.97	0.00
10485800000.00	4.22	0.46	0.97	0.01
10488400000.00	4.22	0.45	0.97	0.00
10491000000.00	4.22	0.45	0.97	0.00
10493600000.00	4.22	0.45	0.97	0.01
10496200000.00	4.22	0.45	0.97	0.01
10498800000.00	4.21	0.45	0.97	0.01
10501400000.00	4.21	0.44	0.97	0.01
10504000000.00	4.20	0.44	0.97	0.01
10506600000.00	4.21	0.45	0.97	0.01
10509200000.00	4.20	0.44	0.97	0.01
10511800000.00	4.20	0.44	0.97	0.01
10514300000.00	4.20	0.44	0.97	0.01
10516900000.00	4.20	0.44	0.97	0.01
10519500000.00	4.20	0.44	0.97	0.01
10522100000.00	4.19	0.44	0.97	0.01
10524700000.00	4.19	0.44	0.98	0.01
10527300000.00	4.19	0.45	0.98	0.01
10529900000.00	4.19	0.44	0.98	0.01
10532500000.00	4.18	0.44	0.98	0.01
10535100000.00	4.18	0.45	0.98	0.01
10537700000.00	4.18	0.45	0.98	0.01
10540300000.00	4.18	0.44	0.98	0.01
10542900000.00	4.18	0.45	0.98	0.01
10545500000.00	4.18	0.45	0.98	0.01
10548100000.00	4.18	0.45	0.98	0.01
10550700000.00	4.18	0.46	0.98	0.01
10553300000.00	4.18	0.45	0.98	0.01
10555800000.00	4.18	0.46	0.98	0.01
10558400000.00	4.19	0.46	0.98	0.01
10561000000.00	4.19	0.46	0.98	0.01
10563600000.00	4.19	0.46	0.98	0.01
10566200000.00	4.18	0.47	0.98	0.01
10568800000.00	4.19	0.47	0.98	0.00
10571400000.00	4.19	0.47	0.98	0.01
10574000000.00	4.19	0.47	0.98	0.01
10576600000.00	4.20	0.47	0.98	0.00
10579200000.00	4.21	0.47	0.98	0.01
10581800000.00	4.20	0.47	0.98	0.00
10584400000.00	4.20	0.47	0.98	0.00
10587000000.00	4.20	0.48	0.98	0.00
10589600000.00	4.21	0.48	0.98	0.00
10592200000.00	4.21	0.47	0.98	0.00
10594800000.00	4.21	0.47	0.98	0.00
10597300000.00	4.22	0.47	0.98	0.00
10599900000.00	4.21	0.47	0.98	0.00
10602500000.00	4.22	0.47	0.98	0.00
10605100000.00	4.22	0.47	0.98	0.00
10607700000.00	4.22	0.47	0.98	0.00
10610300000.00	4.22	0.47	0.98	0.00
10612900000.00	4.22	0.47	0.98	0.00
10615500000.00	4.22	0.47	0.98	0.00
10618100000.00	4.22	0.46	0.98	0.00
10620700000.00	4.22	0.47	0.98	0.00
10623300000.00	4.22	0.46	0.98	0.00
10625900000.00	4.22	0.46	0.98	0.00
10628500000.00	4.22	0.46	0.98	0.00
10631100000.00	4.22	0.46	0.98	0.00
10633700000.00	4.22	0.46	0.98	0.00
10636300000.00	4.22	0.45	0.98	0.00
10638800000.00	4.22	0.45	0.98	0.00
10641400000.00	4.21	0.45	0.98	0.00
10644000000.00	4.21	0.45	0.98	0.00
10646600000.00	4.21	0.45	0.98	0.01
10649200000.00	4.20	0.45	0.98	0.01
10651800000.00	4.20	0.45	0.98	0.01
10654400000.00	4.20	0.45	0.98	0.01
10657000000.00	4.20	0.45	0.98	0.01
10659600000.00	4.20	0.45	0.98	0.01
10662200000.00	4.19	0.44	0.98	0.01
10664800000.00	4.19	0.44	0.98	0.01
10667400000.00	4.19	0.44	0.98	0.01
10670000000.00	4.18	0.44	0.98	0.01
10672600000.00	4.19	0.45	0.98	0.01
10675200000.00	4.18	0.44	0.98	0.01
10677800000.00	4.18	0.44	0.98	0.01
10680300000.00	4.18	0.44	0.99	0.01
10682900000.00	4.18	0.45	0.98	0.01
10685500000.00	4.18	0.44	0.99	0.01
10688100000.00	4.18	0.45	0.99	0.01
10690700000.00	4.18	0.45	0.99	0.01
10693300000.00	4.18	0.45	0.99	0.01
10695900000.00	4.18	0.45	0.99	0.01
10698500000.00	4.18	0.46	0.99	0.01
10701100000.00	4.18	0.46	0.99	0.01
10703700000.00	4.18	0.46	0.99	0.01
10706300000.00	4.18	0.46	0.99	0.01
10708900000.00	4.18	0.47	0.99	0.01
10711500000.00	4.18	0.46	0.99	0.01
10714100000.00	4.19	0.47	0.99	0.01
10716700000.00	4.19	0.47	0.99	0.00
10719300000.00	4.20	0.47	0.99	0.00
10721800000.00	4.20	0.47	0.99	0.00
10724400000.00	4.20	0.47	0.99	0.00
10727000000.00	4.20	0.47	0.99	0.00
10729600000.00	4.21	0.48	0.99	0.00
10732200000.00	4.21	0.47	0.99	0.00
10734800000.00	4.21	0.48	0.99	0.00
10737400000.00	4.22	0.48	0.99	0.00
10740000000.00	4.22	0.47	0.99	0.00
10742600000.00	4.22	0.48	0.99	0.00
10745200000.00	4.23	0.48	0.99	0.00
10747800000.00	4.22	0.48	0.99	0.00
10750400000.00	4.23	0.47	0.99	0.00
10753000000.00	4.23	0.48	0.98	0.00
10755600000.00	4.23	0.48	0.98	0.00
10758200000.00	4.24	0.48	0.98	0.00
10760800000.00	4.24	0.48	0.98	0.00
10763300000.00	4.24	0.48	0.98	0.00
10765900000.00	4.24	0.48	0.98	0.00
10768500000.00	4.23	0.47	0.98	0.00
10771100000.00	4.24	0.47	0.98	0.00
10773700000.00	4.24	0.47	0.98	0.00
10776300000.00	4.24	0.47	0.98	0.00
10778900000.00	4.25	0.47	0.98	0.00
10781500000.00	4.24	0.47	0.98	0.00
10784100000.00	4.25	0.46	0.98	0.00
10786700000.00	4.24	0.46	0.98	0.00
10789300000.00	4.24	0.46	0.98	0.00
10791900000.00	4.24	0.46	0.98	0.00
10794500000.00	4.24	0.46	0.98	0.00
10797100000.00	4.24	0.46	0.98	0.00
10799700000.00	4.24	0.46	0.98	0.01
10802300000.00	4.24	0.46	0.98	0.00
10804800000.00	4.24	0.46	0.98	0.01
10807400000.00	4.24	0.46	0.98	0.00
10810000000.00	4.24	0.45	0.98	0.01
10812600000.00	4.23	0.46	0.98	0.00
10815200000.00	4.23	0.46	0.98	0.01
10817800000.00	4.23	0.46	0.98	0.01
10820400000.00	4.23	0.45	0.98	0.01
10823000000.00	4.23	0.46	0.98	0.01
10825600000.00	4.22	0.46	0.98	0.01
10828200000.00	4.22	0.46	0.98	0.01
10830800000.00	4.22	0.46	0.98	0.01
10833400000.00	4.22	0.46	0.98	0.01
10836000000.00	4.22	0.46	0.98	0.01
10838600000.00	4.22	0.46	0.98	0.01
10841200000.00	4.22	0.46	0.98	0.01
10843800000.00	4.21	0.47	0.98	0.01
10846300000.00	4.21	0.46	0.98	0.01
10848900000.00	4.22	0.47	0.98	0.01
10851500000.00	4.22	0.47	0.98	0.01
10854100000.00	4.22	0.47	0.98	0.00
10856700000.00	4.21	0.47	0.98	0.00
10859300000.00	4.21	0.47	0.98	0.00
10861900000.00	4.21	0.47	0.99	0.00
10864500000.00	4.21	0.47	0.98	0.00
10867100000.00	4.21	0.47	0.98	0.00
10869700000.00	4.22	0.47	0.98	0.00
10872300000.00	4.22	0.47	0.98	0.00
10874900000.00	4.21	0.47	0.99	0.00
10877500000.00	4.22	0.47	0.98	0.00
10880100000.00	4.21	0.47	0.98	0.00
10882700000.00	4.22	0.47	0.98	0.00
10885300000.00	4.22	0.47	0.99	0.00
10887800000.00	4.22	0.47	0.98	0.00
10890400000.00	4.22	0.47	0.98	0.00
10893000000.00	4.22	0.47	0.98	0.00
10895600000.00	4.22	0.47	0.98	0.00
10898200000.00	4.22	0.47	0.98	0.00
10900800000.00	4.22	0.46	0.98	0.00
10903400000.00	4.22	0.47	0.98	0.00
10906000000.00	4.23	0.46	0.98	0.00
10908600000.00	4.22	0.47	0.98	0.00
10911200000.00	4.23	0.46	0.98	0.00
10913800000.00	4.23	0.47	0.98	0.00
10916400000.00	4.23	0.46	0.98	0.00
10919000000.00	4.23	0.46	0.98	0.00
10921600000.00	4.23	0.46	0.98	0.00
10924200000.00	4.23	0.46	0.98	0.00
10926800000.00	4.23	0.46	0.98	0.00
10929300000.00	4.23	0.46	0.98	0.00
10931900000.00	4.23	0.46	0.98	0.01
10934500000.00	4.23	0.46	0.98	0.00
10937100000.00	4.23	0.47	0.98	0.01
10939700000.00	4.23	0.46	0.98	0.01
10942300000.00	4.23	0.46	0.98	0.00
10944900000.00	4.23	0.47	0.98	0.00
10947500000.00	4.23	0.47	0.98	0.00
10950100000.00	4.23	0.46	0.98	0.00
10952700000.00	4.23	0.47	0.98	0.00
10955300000.00	4.23	0.47	0.98	0.01
10957900000.00	4.23	0.47	0.98	0.00
10960500000.00	4.23	0.47	0.98	0.00
10963100000.00	4.23	0.47	0.98	0.00
10965700000.00	4.23	0.47	0.98	0.00
10968300000.00	4.23	0.47	0.98	0.00
10970800000.00	4.23	0.47	0.98	0.00
10973400000.00	4.23	0.48	0.98	0.00
10976000000.00	4.22	0.48	0.98	0.00
10978600000.00	4.23	0.48	0.98	0.00
10981200000.00	4.23	0.47	0.98	0.00
10983800000.00	4.23	0.47	0.98	0.00
10986400000.00	4.22	0.48	0.98	0.00
10989000000.00	4.23	0.47	0.98	0.00
10991600000.00	4.24	0.48	0.98	0.00
10994200000.00	4.24	0.48	0.98	0.00
10996800000.00	4.23	0.47	0.98	0.00
10999400000.00	4.23	0.47	0.98	0.00
11002000000.00	4.24	0.48	0.98	0.00
11004600000.00	4.24	0.48	0.98	0.00
11007200000.00	4.24	0.48	0.98	0.00
11009800000.00	4.24	0.47	0.98	0.00
11012300000.00	4.24	0.47	0.98	0.00
11014900000.00	4.24	0.48	0.98	0.00
11017500000.00	4.24	0.47	0.98	0.00
11020100000.00	4.24	0.48	0.98	0.00
11022700000.00	4.24	0.47	0.98	0.00
11025300000.00	4.24	0.47	0.98	0.00
11027900000.00	4.24	0.48	0.98	0.00
11030500000.00	4.24	0.47	0.98	0.00
11033100000.00	4.24	0.47	0.98	0.00
11035700000.00	4.23	0.46	0.98	0.00
11038300000.00	4.23	0.46	0.98	0.00
11040900000.00	4.24	0.47	0.98	0.00
11043500000.00	4.23	0.46	0.98	0.00
11046100000.00	4.23	0.46	0.98	0.00
11048700000.00	4.23	0.46	0.98	0.00
11051300000.00	4.23	0.46	0.98	0.00
11053800000.00	4.23	0.46	0.98	0.01
11056400000.00	4.23	0.46	0.98	0.00
11059000000.00	4.22	0.46	0.98	0.01
11061600000.00	4.22	0.46	0.98	0.01
11064200000.00	4.22	0.46	0.98	0.01
11066800000.00	4.21	0.46	0.98	0.01
11069400000.00	4.21	0.46	0.98	0.01
11072000000.00	4.21	0.45	0.98	0.01
11074600000.00	4.21	0.46	0.99	0.01
11077200000.00	4.21	0.46	0.99	0.01
11079800000.00	4.21	0.46	0.99	0.01
11082400000.00	4.21	0.46	0.99	0.01
11085000000.00	4.20	0.45	0.99	0.01
11087600000.00	4.20	0.46	0.99	0.01
11090200000.00	4.21	0.46	0.99	0.01
11092800000.00	4.21	0.46	0.99	0.01
11095300000.00	4.20	0.47	0.99	0.01
11097900000.00	4.20	0.47	0.99	0.00
11100500000.00	4.20	0.46	0.99	0.01
11103100000.00	4.21	0.47	0.99	0.00
11105700000.00	4.21	0.47	0.99	0.00
11108300000.00	4.21	0.47	0.99	0.00
11110900000.00	4.21	0.47	0.99	0.00
11113500000.00	4.21	0.48	0.99	0.00
11116100000.00	4.22	0.48	0.99	0.00
11118700000.00	4.22	0.49	0.99	0.00
11121300000.00	4.22	0.49	0.99	0.00
11123900000.00	4.23	0.49	0.99	0.00
11126500000.00	4.23	0.49	0.99	0.00
11129100000.00	4.23	0.49	0.99	0.00
11131700000.00	4.24	0.49	0.99	0.00
11134300000.00	4.24	0.49	0.99	0.00
11136800000.00	4.25	0.49	0.99	0.00
11139400000.00	4.25	0.50	0.99	0.00
11142000000.00	4.25	0.50	0.99	0.00
11144600000.00	4.26	0.50	0.99	0.00
11147200000.00	4.26	0.50	0.99	0.00
11149800000.00	4.26	0.50	0.99	0.00
11152400000.00	4.27	0.50	0.99	0.00
11155000000.00	4.28	0.50	0.99	0.00
11157600000.00	4.28	0.50	0.98	0.00
11160200000.00	4.28	0.50	0.98	0.00
11162800000.00	4.28	0.50	0.98	0.00
11165400000.00	4.29	0.50	0.98	0.00
11168000000.00	4.29	0.49	0.98	0.00
11170600000.00	4.29	0.50	0.98	0.00
11173200000.00	4.30	0.49	0.98	0.00
11175800000.00	4.30	0.49	0.98	0.00
11178300000.00	4.29	0.49	0.98	0.00
11180900000.00	4.29	0.48	0.98	0.00
11183500000.00	4.30	0.48	0.98	0.00
11186100000.00	4.29	0.48	0.98	0.00
11188700000.00	4.29	0.48	0.98	0.00
11191300000.00	4.29	0.47	0.98	0.00
11193900000.00	4.29	0.47	0.98	0.00
11196500000.00	4.29	0.47	0.98	0.00
11199100000.00	4.28	0.47	0.98	0.00
11201700000.00	4.28	0.47	0.98	0.00
11204300000.00	4.28	0.46	0.98	0.00
11206900000.00	4.28	0.46	0.98	0.00
11209500000.00	4.28	0.46	0.98	0.00
11212100000.00	4.27	0.46	0.98	0.00
11214700000.00	4.26	0.46	0.98	0.01
11217300000.00	4.26	0.46	0.98	0.01
11219800000.00	4.25	0.46	0.98	0.01
11222400000.00	4.26	0.46	0.98	0.01
11225000000.00	4.25	0.46	0.98	0.01
11227600000.00	4.25	0.46	0.98	0.01
11230200000.00	4.25	0.46	0.98	0.01
11232800000.00	4.24	0.46	0.98	0.01
11235400000.00	4.24	0.46	0.98	0.01
11238000000.00	4.24	0.47	0.98	0.01
11240600000.00	4.24	0.47	0.98	0.01
11243200000.00	4.24	0.47	0.98	0.01
11245800000.00	4.24	0.47	0.98	0.01
11248400000.00	4.23	0.47	0.98	0.01
11251000000.00	4.23	0.47	0.99	0.00
11253600000.00	4.23	0.48	0.99	0.00
11256200000.00	4.23	0.49	0.99	0.00
11258800000.00	4.24	0.48	0.99	0.00
11261300000.00	4.24	0.48	0.99	0.00
11263900000.00	4.24	0.49	0.99	0.00
11266500000.00	4.24	0.49	0.99	0.00
11269100000.00	4.24	0.50	0.99	0.00
11271700000.00	4.25	0.50	0.99	0.00
11274300000.00	4.25	0.49	0.99	0.00
11276900000.00	4.25	0.50	0.99	0.00
11279500000.00	4.25	0.50	0.99	0.00
11282100000.00	4.26	0.50	0.99	0.00
11284700000.00	4.26	0.51	0.99	0.00
11287300000.00	4.27	0.51	0.99	0.00
11289900000.00	4.28	0.51	0.98	0.00
11292500000.00	4.28	0.51	0.98	0.00
11295100000.00	4.29	0.51	0.98	0.00
11297700000.00	4.29	0.51	0.98	0.00
11300300000.00	4.30	0.51	0.98	0.00
11302800000.00	4.31	0.51	0.98	0.00
11305400000.00	4.31	0.50	0.98	0.00
11308000000.00	4.32	0.51	0.98	0.00
11310600000.00	4.32	0.51	0.98	0.00
11313200000.00	4.33	0.51	0.98	0.00
11315800000.00	4.33	0.50	0.98	0.00
11318400000.00	4.34	0.50	0.98	0.00
11321000000.00	4.34	0.50	0.97	0.00
11323600000.00	4.34	0.49	0.97	0.00
11326200000.00	4.34	0.49	0.97	0.00
11328800000.00	4.35	0.49	0.97	0.00
11331400000.00	4.35	0.49	0.97	0.00
11334000000.00	4.35	0.49	0.97	0.00
11336600000.00	4.35	0.49	0.97	0.00
11339200000.00	4.35	0.48	0.97	0.00
11341800000.00	4.35	0.49	0.97	0.00
11344300000.00	4.34	0.48	0.97	0.00
11346900000.00	4.34	0.48	0.97	0.00
11349500000.00	4.34	0.47	0.97	0.00
11352100000.00	4.34	0.47	0.97	0.00
11354700000.00	4.33	0.47	0.97	0.00
11357300000.00	4.33	0.47	0.96	0.00
11359900000.00	4.32	0.47	0.97	0.01
11362500000.00	4.32	0.46	0.97	0.01
11365100000.00	4.32	0.46	0.97	0.01
11367700000.00	4.31	0.46	0.97	0.01
11370300000.00	4.30	0.47	0.97	0.01
11372900000.00	4.30	0.46	0.97	0.01
11375500000.00	4.29	0.46	0.97	0.01
11378100000.00	4.29	0.46	0.97	0.01
11380700000.00	4.28	0.46	0.97	0.01
11383300000.00	4.27	0.46	0.97	0.01
11385800000.00	4.27	0.46	0.97	0.01
11388400000.00	4.26	0.46	0.97	0.01
11391000000.00	4.26	0.46	0.97	0.01
11393600000.00	4.25	0.46	0.97	0.01
11396200000.00	4.25	0.46	0.97	0.01
11398800000.00	4.24	0.46	0.98	0.01
11401400000.00	4.24	0.46	0.98	0.01
11404000000.00	4.24	0.46	0.98	0.01
11406600000.00	4.25	0.46	0.98	0.01
11409200000.00	4.23	0.47	0.98	0.01
11411800000.00	4.23	0.47	0.98	0.01
11414400000.00	4.24	0.47	0.98	0.01
11417000000.00	4.23	0.48	0.98	0.01
11419600000.00	4.23	0.47	0.98	0.01
11422200000.00	4.24	0.48	0.98	0.01
11424800000.00	4.24	0.48	0.98	0.01
11427300000.00	4.24	0.48	0.98	0.01
11429900000.00	4.25	0.47	0.98	0.00
11432500000.00	4.24	0.48	0.98	0.00
11435100000.00	4.25	0.49	0.98	0.00
11437700000.00	4.25	0.49	0.98	0.00
11440300000.00	4.26	0.49	0.98	0.00
11442900000.00	4.25	0.49	0.98	0.00
11445500000.00	4.26	0.49	0.98	0.00
11448100000.00	4.27	0.50	0.98	0.00
11450700000.00	4.27	0.50	0.98	0.00
11453300000.00	4.28	0.49	0.98	0.00
11455900000.00	4.28	0.50	0.98	0.00
11458500000.00	4.28	0.50	0.98	0.00
11461100000.00	4.28	0.50	0.98	0.00
11463700000.00	4.28	0.50	0.98	0.00
11466300000.00	4.30	0.50	0.98	0.00
11468800000.00	4.30	0.50	0.97	0.00
11471400000.00	4.30	0.50	0.97	0.00
11474000000.00	4.30	0.49	0.97	0.00
11476600000.00	4.30	0.49	0.97	0.00
11479200000.00	4.30	0.49	0.97	0.00
11481800000.00	4.31	0.49	0.97	0.00
11484400000.00	4.30	0.49	0.97	0.00
11487000000.00	4.31	0.48	0.97	0.00
11489600000.00	4.30	0.49	0.97	0.00
11492200000.00	4.31	0.48	0.97	0.00
11494800000.00	4.30	0.49	0.97	0.00
11497400000.00	4.30	0.48	0.97	0.00
11500000000.00	4.30	0.47	0.97	0.00
11502600000.00	4.29	0.47	0.97	0.00
11505200000.00	4.29	0.47	0.97	0.01
11507800000.00	4.29	0.47	0.97	0.01
11510300000.00	4.29	0.47	0.97	0.01
11512900000.00	4.29	0.47	0.97	0.01
11515500000.00	4.28	0.47	0.97	0.01
11518100000.00	4.28	0.46	0.97	0.01
11520700000.00	4.27	0.45	0.97	0.01
11523300000.00	4.27	0.46	0.97	0.01
11525900000.00	4.27	0.46	0.97	0.01
11528500000.00	4.26	0.46	0.97	0.01
11531100000.00	4.26	0.46	0.97	0.01
11533700000.00	4.26	0.46	0.97	0.01
11536300000.00	4.25	0.46	0.97	0.01
11538900000.00	4.25	0.45	0.97	0.01
11541500000.00	4.25	0.46	0.97	0.01
11544100000.00	4.24	0.47	0.97	0.01
11546700000.00	4.24	0.46	0.97	0.01
11549300000.00	4.23	0.46	0.97	0.01
11551800000.00	4.23	0.46	0.97	0.01
11554400000.00	4.22	0.47	0.98	0.01
11557000000.00	4.23	0.46	0.98	0.01
11559600000.00	4.22	0.46	0.98	0.01
11562200000.00	4.22	0.47	0.98	0.01
11564800000.00	4.22	0.47	0.98	0.01
11567400000.00	4.22	0.47	0.98	0.01
11570000000.00	4.21	0.47	0.98	0.01
11572600000.00	4.22	0.47	0.98	0.01
11575200000.00	4.21	0.47	0.98	0.01
11577800000.00	4.21	0.47	0.98	0.01
11580400000.00	4.21	0.47	0.98	0.01
11583000000.00	4.21	0.48	0.98	0.01
11585600000.00	4.21	0.48	0.98	0.01
11588200000.00	4.21	0.48	0.98	0.01
11590800000.00	4.21	0.48	0.98	0.01
11593300000.00	4.21	0.48	0.98	0.01
11595900000.00	4.21	0.48	0.98	0.01
11598500000.00	4.21	0.48	0.98	0.01
11601100000.00	4.22	0.48	0.98	0.01
11603700000.00	4.21	0.48	0.98	0.01
11606300000.00	4.22	0.48	0.98	0.01
11608900000.00	4.21	0.49	0.98	0.01
11611500000.00	4.21	0.48	0.98	0.01
11614100000.00	4.23	0.48	0.98	0.01
11616700000.00	4.22	0.48	0.98	0.01
11619300000.00	4.22	0.48	0.98	0.01
11621900000.00	4.22	0.48	0.98	0.01
11624500000.00	4.22	0.49	0.98	0.01
11627100000.00	4.23	0.48	0.98	0.01
11629700000.00	4.23	0.49	0.98	0.01
11632300000.00	4.23	0.49	0.98	0.01
11634800000.00	4.23	0.48	0.98	0.01
11637400000.00	4.23	0.49	0.98	0.01
11640000000.00	4.23	0.49	0.98	0.01
11642600000.00	4.23	0.48	0.98	0.01
11645200000.00	4.23	0.49	0.98	0.01
11647800000.00	4.23	0.49	0.98	0.01
11650400000.00	4.22	0.49	0.98	0.01
11653000000.00	4.23	0.49	0.98	0.01
11655600000.00	4.22	0.49	0.98	0.01
11658200000.00	4.23	0.49	0.98	0.01
11660800000.00	4.23	0.49	0.98	0.01
11663400000.00	4.22	0.49	0.98	0.01
11666000000.00	4.22	0.49	0.98	0.01
11668600000.00	4.22	0.50	0.98	0.01
11671200000.00	4.22	0.49	0.98	0.01
11673800000.00	4.22	0.49	0.98	0.01
11676300000.00	4.22	0.49	0.98	0.01
11678900000.00	4.22	0.49	0.98	0.01
11681500000.00	4.22	0.49	0.98	0.01
11684100000.00	4.22	0.49	0.98	0.01
11686700000.00	4.21	0.49	0.98	0.01
11689300000.00	4.21	0.49	0.98	0.01
11691900000.00	4.21	0.49	0.98	0.01
11694500000.00	4.21	0.49	0.98	0.01
11697100000.00	4.21	0.49	0.98	0.01
11699700000.00	4.21	0.49	0.98	0.01
11702300000.00	4.21	0.49	0.98	0.01
11704900000.00	4.21	0.49	0.98	0.01
11707500000.00	4.21	0.49	0.98	0.01
11710100000.00	4.21	0.49	0.98	0.01
11712700000.00	4.21	0.49	0.98	0.01
11715300000.00	4.21	0.48	0.98	0.01
11717800000.00	4.21	0.48	0.98	0.01
11720400000.00	4.21	0.48	0.98	0.01
11723000000.00	4.21	0.49	0.98	0.01
11725600000.00	4.21	0.48	0.98	0.01
11728200000.00	4.21	0.49	0.98	0.01
11730800000.00	4.21	0.48	0.98	0.01
11733400000.00	4.21	0.49	0.98	0.01
11736000000.00	4.21	0.49	0.98	0.01
11738600000.00	4.22	0.48	0.98	0.01
11741200000.00	4.22	0.49	0.98	0.01
11743800000.00	4.22	0.49	0.98	0.01
11746400000.00	4.22	0.49	0.98	0.01
11749000000.00	4.22	0.49	0.98	0.01
11751600000.00	4.22	0.48	0.98	0.01
11754200000.00	4.22	0.48	0.98	0.01
11756800000.00	4.22	0.49	0.98	0.01
11759300000.00	4.23	0.49	0.98	0.01
11761900000.00	4.22	0.49	0.98	0.01
11764500000.00	4.23	0.48	0.98	0.01
11767100000.00	4.22	0.49	0.98	0.01
11769700000.00	4.22	0.49	0.98	0.01
11772300000.00	4.23	0.48	0.98	0.01
11774900000.00	4.22	0.49	0.98	0.01
11777500000.00	4.22	0.49	0.98	0.01
11780100000.00	4.22	0.49	0.98	0.01
11782700000.00	4.22	0.49	0.98	0.01
11785300000.00	4.22	0.49	0.98	0.01
11787900000.00	4.22	0.49	0.98	0.01
11790500000.00	4.22	0.49	0.98	0.01
11793100000.00	4.22	0.49	0.98	0.01
11795700000.00	4.22	0.49	0.98	0.01
11798300000.00	4.21	0.49	0.98	0.01
11800800000.00	4.21	0.49	0.98	0.01
11803400000.00	4.21	0.49	0.98	0.01
11806000000.00	4.20	0.49	0.98	0.01
11808600000.00	4.21	0.49	0.98	0.01
11811200000.00	4.20	0.49	0.98	0.01
11813800000.00	4.20	0.49	0.98	0.01
11816400000.00	4.20	0.49	0.98	0.01
11819000000.00	4.20	0.48	0.98	0.01
11821600000.00	4.20	0.49	0.98	0.01
11824200000.00	4.20	0.49	0.98	0.01
11826800000.00	4.20	0.49	0.98	0.01
11829400000.00	4.19	0.48	0.98	0.01
11832000000.00	4.19	0.48	0.98	0.01
11834600000.00	4.19	0.48	0.98	0.01
11837200000.00	4.19	0.48	0.98	0.01
11839800000.00	4.19	0.48	0.98	0.01
11842300000.00	4.19	0.48	0.98	0.01
11844900000.00	4.20	0.48	0.98	0.01
11847500000.00	4.19	0.48	0.98	0.01
11850100000.00	4.19	0.48	0.98	0.01
11852700000.00	4.19	0.48	0.98	0.01
11855300000.00	4.19	0.48	0.98	0.01
11857900000.00	4.20	0.47	0.98	0.01
11860500000.00	4.19	0.48	0.98	0.01
11863100000.00	4.19	0.48	0.98	0.01
11865700000.00	4.19	0.47	0.98	0.01
11868300000.00	4.19	0.47	0.98	0.01
11870900000.00	4.20	0.47	0.98	0.01
11873500000.00	4.20	0.48	0.98	0.01
11876100000.00	4.20	0.47	0.98	0.01
11878700000.00	4.20	0.47	0.98	0.01
11881300000.00	4.20	0.47	0.98	0.01
11883800000.00	4.20	0.47	0.98	0.01
11886400000.00	4.20	0.47	0.98	0.01
11889000000.00	4.20	0.47	0.98	0.01
11891600000.00	4.20	0.47	0.98	0.01
11894200000.00	4.20	0.47	0.98	0.01
11896800000.00	4.20	0.46	0.98	0.01
11899400000.00	4.20	0.47	0.98	0.01
11902000000.00	4.20	0.47	0.98	0.01
11904600000.00	4.19	0.46	0.98	0.01
11907200000.00	4.19	0.47	0.98	0.01
11909800000.00	4.20	0.47	0.98	0.01
11912400000.00	4.19	0.47	0.98	0.01
11915000000.00	4.19	0.46	0.98	0.01
11917600000.00	4.19	0.46	0.98	0.01
11920200000.00	4.19	0.46	0.98	0.01
11922800000.00	4.19	0.47	0.98	0.01
11925300000.00	4.18	0.46	0.98	0.01
11927900000.00	4.19	0.46	0.98	0.01
11930500000.00	4.18	0.46	0.98	0.01
11933100000.00	4.18	0.46	0.98	0.01
11935700000.00	4.18	0.46	0.98	0.01
11938300000.00	4.18	0.46	0.98	0.01
11940900000.00	4.17	0.46	0.98	0.01
11943500000.00	4.17	0.46	0.98	0.01
11946100000.00	4.17	0.46	0.98	0.01
11948700000.00	4.17	0.47	0.98	0.01
11951300000.00	4.16	0.46	0.98	0.01
11953900000.00	4.17	0.47	0.98	0.01
11956500000.00	4.16	0.46	0.98	0.01
11959100000.00	4.16	0.46	0.98	0.01
11961700000.00	4.15	0.46	0.98	0.01
11964300000.00	4.15	0.47	0.98	0.01
11966800000.00	4.15	0.46	0.98	0.01
11969400000.00	4.14	0.47	0.98	0.01
11972000000.00	4.14	0.47	0.98	0.01
11974600000.00	4.14	0.47	0.98	0.01
11977200000.00	4.14	0.47	0.98	0.01
11979800000.00	4.14	0.47	0.98	0.01
11982400000.00	4.13	0.47	0.98	0.01
11985000000.00	4.13	0.47	0.98	0.01
11987600000.00	4.13	0.47	0.98	0.01
11990200000.00	4.13	0.47	0.98	0.01
11992800000.00	4.12	0.47	0.99	0.01
11995400000.00	4.12	0.47	0.98	0.01
11998000000.00	4.12	0.46	0.99	0.01
12000600000.00	4.12	0.46	0.99	0.01
12003200000.00	4.11	0.46	0.99	0.01
12005800000.00	4.11	0.46	0.99	0.01
12008300000.00	4.12	0.46	0.99	0.01
12010900000.00	4.12	0.46	0.99	0.01
12013500000.00	4.12	0.46	0.99	0.01
12016100000.00	4.12	0.46	0.99	0.01
12018700000.00	4.12	0.45	0.99	0.01
12021300000.00	4.12	0.45	0.99	0.01
12023900000.00	4.12	0.45	0.99	0.01
12026500000.00	4.12	0.45	0.99	0.01
12029100000.00	4.12	0.45	0.99	0.01
12031700000.00	4.12	0.45	0.99	0.01
12034300000.00	4.12	0.45	0.99	0.01
12036900000.00	4.12	0.45	0.99	0.01
12039500000.00	4.13	0.45	0.99	0.01
12042100000.00	4.13	0.45	0.99	0.01
12044700000.00	4.12	0.46	0.99	0.01
12047300000.00	4.13	0.45	0.99	0.01
12049800000.00	4.13	0.45	0.99	0.01
12052400000.00	4.13	0.45	0.99	0.01
12055000000.00	4.13	0.45	0.99	0.01
12057600000.00	4.14	0.45	0.99	0.01
12060200000.00	4.14	0.45	0.99	0.01
12062800000.00	4.14	0.46	0.99	0.01
12065400000.00	4.14	0.46	0.99	0.01
12068000000.00	4.14	0.46	0.99	0.01
12070600000.00	4.14	0.46	0.99	0.01
12073200000.00	4.15	0.46	0.99	0.01
12075800000.00	4.14	0.46	0.99	0.01
12078400000.00	4.15	0.46	0.99	0.01
12081000000.00	4.15	0.47	0.99	0.01
12083600000.00	4.15	0.47	0.99	0.01
12086200000.00	4.14	0.46	0.99	0.01
12088800000.00	4.14	0.47	0.99	0.01
12091300000.00	4.14	0.47	0.99	0.01
12093900000.00	4.15	0.47	0.99	0.01
12096500000.00	4.14	0.46	0.99	0.01
12099100000.00	4.14	0.47	0.99	0.01
12101700000.00	4.14	0.47	0.99	0.01
12104300000.00	4.14	0.47	0.99	0.01
12106900000.00	4.14	0.47	0.99	0.01
12109500000.00	4.14	0.47	0.99	0.00
12112100000.00	4.14	0.47	0.99	0.01
12114700000.00	4.14	0.47	0.99	0.00
12117300000.00	4.13	0.46	0.99	0.01
12119900000.00	4.13	0.47	0.99	0.01
12122500000.00	4.13	0.46	0.99	0.01
12125100000.00	4.12	0.46	0.99	0.01
12127700000.00	4.13	0.46	0.99	0.01
12130300000.00	4.13	0.46	0.99	0.01
12132800000.00	4.13	0.46	0.99	0.01
12135400000.00	4.12	0.46	0.99	0.01
12138000000.00	4.13	0.46	0.99	0.01
12140600000.00	4.12	0.45	0.99	0.01
12143200000.00	4.12	0.46	0.99	0.01
12145800000.00	4.12	0.46	0.99	0.01
12148400000.00	4.12	0.46	0.99	0.01
12151000000.00	4.12	0.45	0.99	0.01
12153600000.00	4.12	0.46	0.99	0.01
12156200000.00	4.12	0.46	0.99	0.01
12158800000.00	4.12	0.45	0.99	0.01
12161400000.00	4.12	0.46	0.99	0.01
12164000000.00	4.12	0.45	0.99	0.01
12166600000.00	4.12	0.45	0.99	0.01
12169200000.00	4.12	0.45	0.99	0.01
12171800000.00	4.12	0.45	1.00	0.01
12174300000.00	4.12	0.46	1.00	0.01
12176900000.00	4.12	0.46	1.00	0.01
12179500000.00	4.12	0.45	1.00	0.01
12182100000.00	4.12	0.45	1.00	0.01
12184700000.00	4.11	0.46	1.00	0.01
12187300000.00	4.12	0.45	1.00	0.01
12189900000.00	4.12	0.46	1.00	0.01
12192500000.00	4.12	0.46	1.00	0.01
12195100000.00	4.12	0.46	1.00	0.01
12197700000.00	4.12	0.46	1.00	0.01
12200300000.00	4.12	0.46	1.00	0.01
12202900000.00	4.12	0.46	1.00	0.01
12205500000.00	4.13	0.47	1.00	0.01
12208100000.00	4.13	0.47	1.00	0.01
12210700000.00	4.13	0.47	1.00	0.01
12213300000.00	4.14	0.47	1.00	0.00
12215800000.00	4.14	0.47	1.00	0.00
12218400000.00	4.14	0.48	1.00	0.00
12221000000.00	4.14	0.48	1.00	0.00
12223600000.00	4.14	0.47	1.00	0.00
12226200000.00	4.15	0.48	1.00	0.00
12228800000.00	4.16	0.48	1.00	0.00
12231400000.00	4.15	0.48	0.99	0.00
12234000000.00	4.16	0.48	0.99	0.00
12236600000.00	4.16	0.48	0.99	0.00
12239200000.00	4.17	0.48	0.99	0.00
12241800000.00	4.16	0.49	0.99	0.00
12244400000.00	4.17	0.49	0.99	0.00
12247000000.00	4.17	0.48	0.99	0.00
12249600000.00	4.18	0.48	0.99	0.00
12252200000.00	4.19	0.48	0.99	0.00
12254800000.00	4.19	0.48	0.99	0.00
12257300000.00	4.19	0.49	0.99	0.00
12259900000.00	4.19	0.48	0.99	0.00
12262500000.00	4.19	0.49	0.99	0.00
12265100000.00	4.20	0.49	0.99	0.00
12267700000.00	4.20	0.49	0.99	0.00
12270300000.00	4.19	0.49	0.99	0.00
12272900000.00	4.21	0.49	0.99	0.00
12275500000.00	4.20	0.49	0.99	0.00
12278100000.00	4.20	0.48	0.99	0.00
12280700000.00	4.20	0.48	0.99	0.00
12283300000.00	4.20	0.48	0.99	0.00
12285900000.00	4.20	0.48	0.98	0.00
12288500000.00	4.20	0.48	0.98	0.00
12291100000.00	4.20	0.48	0.98	0.00
12293700000.00	4.20	0.47	0.98	0.00
12296300000.00	4.20	0.47	0.98	0.00
12298800000.00	4.20	0.48	0.98	0.00
12301400000.00	4.19	0.47	0.98	0.00
12304000000.00	4.19	0.46	0.98	0.00
12306600000.00	4.20	0.46	0.98	0.00
12309200000.00	4.19	0.47	0.99	0.00
12311800000.00	4.19	0.46	0.99	0.00
12314400000.00	4.19	0.46	0.99	0.00
12317000000.00	4.18	0.46	0.99	0.00
12319600000.00	4.17	0.46	0.99	0.00
12322200000.00	4.17	0.45	0.99	0.01
12324800000.00	4.17	0.45	0.99	0.01
12327400000.00	4.17	0.45	0.99	0.01
12330000000.00	4.16	0.45	0.99	0.01
12332600000.00	4.16	0.45	0.99	0.01
12335200000.00	4.16	0.45	0.99	0.01
12337800000.00	4.16	0.45	0.99	0.01
12340300000.00	4.16	0.45	0.99	0.01
12342900000.00	4.16	0.45	0.99	0.01
12345500000.00	4.15	0.45	0.99	0.01
12348100000.00	4.16	0.45	0.99	0.01
12350700000.00	4.16	0.45	0.99	0.01
12353300000.00	4.16	0.45	0.99	0.01
12355900000.00	4.16	0.46	0.99	0.01
12358500000.00	4.16	0.45	0.99	0.01
12361100000.00	4.15	0.46	0.99	0.01
12363700000.00	4.17	0.45	0.99	0.01
12366300000.00	4.16	0.46	0.99	0.01
12368900000.00	4.16	0.46	0.99	0.01
12371500000.00	4.17	0.47	0.99	0.00
12374100000.00	4.17	0.47	0.99	0.00
12376700000.00	4.18	0.48	0.99	0.00
12379300000.00	4.18	0.47	0.99	0.00
12381800000.00	4.19	0.48	0.99	0.00
12384400000.00	4.19	0.48	0.99	0.00
12387000000.00	4.19	0.49	0.99	0.00
12389600000.00	4.20	0.49	0.99	0.00
12392200000.00	4.20	0.49	0.99	0.00
12394800000.00	4.21	0.49	0.99	0.00
12397400000.00	4.21	0.49	0.99	0.00
12400000000.00	4.21	0.49	0.99	0.00
