8250000000
8252590000
8255190000
8257780000
8260380000
8262970000
8265560000
8268160000
8270750000
8273340000
8275940000
8278530000
8281130000
8283720000
8286310000
8288910000
8291500000
8294090000
8296690000
8299280000
8301880000
8304470000
8307060000
8309660000
8312250000
8314840000
8317440000
8320030000
8322630000
8325220000
8327810000
8330410000
8333000000
8335590000
8338190000
8340780000
8343380000
8345970000
8348560000
8351160000
8353750000
8356340000
8358940000
8361530000
8364130000
8366720000
8369310000
8371910000
8374500000
8377090000
8379690000
8382280000
8384880000
8387470000
8390060000
8392660000
8395250000
8397840000
8400440000
8403030000
8405630000
8408220000
8410810000
8413410000
8416000000
8418590000
8421190000
8423780000
8426380000
8428970000
8431560000
8434160000
8436750000
8439340000
8441940000
8444530000
8447130000
8449720000
8452310000
8454910000
8457500000
8460090000
8462690000
8465280000
8467880000
8470470000
8473060000
8475660000
8478250000
8480840000
8483440000
8486030000
8488630000
8491220000
8493810000
8496410000
8499000000
8501590000
8504190000
8506780000
8509380000
8511970000
8514560000
8517160000
8519750000
8522340000
8524940000
8527530000
8530130000
8532720000
8535310000
8537910000
8540500000
8543090000
8545690000
8548280000
8550880000
8553470000
8556060000
8558660000
8561250000
8563840000
8566440000
8569030000
8571630000
8574220000
8576810000
8579410000
8582000000
8584590000
8587190000
8589780000
8592380000
8594970000
8597560000
8600160000
8602750000
8605340000
8607940000
8610530000
8613130000
8615720000
8618310000
8620910000
8623500000
8626090000
8628690000
8631280000
8633880000
8636470000
8639060000
8641660000
8644250000
8646840000
8649440000
8652030000
8654630000
8657220000
8659810000
8662410000
8665000000
8667590000
8670190000
8672780000
8675380000
8677970000
8680560000
8683160000
8685750000
8688340000
8690940000
8693530000
8696130000
8698720000
8701310000
8703910000
8706500000
8709090000
8711690000
8714280000
8716880000
8719470000
8722060000
8724660000
8727250000
8729840000
8732440000
8735030000
8737630000
8740220000
8742810000
8745410000
8748000000
8750590000
8753190000
8755780000
8758380000
8760970000
8763560000
8766160000
8768750000
8771340000
8773940000
8776530000
8779130000
8781720000
8784310000
8786910000
8789500000
8792090000
8794690000
8797280000
8799880000
8802470000
8805060000
8807660000
8810250000
8812840000
8815440000
8818030000
8820630000
8823220000
8825810000
8828410000
8831000000
8833590000
8836190000
8838780000
8841380000
8843970000
8846560000
8849160000
8851750000
8854340000
8856940000
8859530000
8862130000
8864720000
8867310000
8869910000
8872500000
8875090000
8877690000
8880280000
8882880000
8885470000
8888060000
8890660000
8893250000
8895840000
8898440000
8901030000
8903630000
8906220000
8908810000
8911410000
8914000000
8916590000
8919190000
8921780000
8924380000
8926970000
8929560000
8932160000
8934750000
8937340000
8939940000
8942530000
8945130000
8947720000
8950310000
8952910000
8955500000
8958090000
8960690000
8963280000
8965880000
8968470000
8971060000
8973660000
8976250000
8978840000
8981440000
8984030000
8986630000
8989220000
8991810000
8994410000
8997000000
8999590000
9002190000
9004780000
9007380000
9009970000
9012560000
9015160000
9017750000
9020340000
9022940000
9025530000
9028130000
9030720000
9033310000
9035910000
9038500000
9041090000
9043690000
9046280000
9048880000
9051470000
9054060000
9056660000
9059250000
9061840000
9064440000
9067030000
9069630000
9072220000
9074810000
9077410000
9080000000
9082590000
9085190000
9087780000
9090380000
9092970000
9095560000
9098160000
9100750000
9103340000
9105940000
9108530000
9111130000
9113720000
9116310000
9118910000
9121500000
9124090000
9126690000
9129280000
9131880000
9134470000
9137060000
9139660000
9142250000
9144840000
9147440000
9150030000
9152630000
9155220000
9157810000
9160410000
9163000000
9165590000
9168190000
9170780000
9173380000
9175970000
9178560000
9181160000
9183750000
9186340000
9188940000
9191530000
9194130000
9196720000
9199310000
9201910000
9204500000
9207090000
9209690000
9212280000
9214880000
9217470000
9220060000
9222660000
9225250000
9227840000
9230440000
9233030000
9235630000
9238220000
9240810000
9243410000
9246000000
9248590000
9251190000
9253780000
9256380000
9258970000
9261560000
9264160000
9266750000
9269340000
9271940000
9274530000
9277130000
9279720000
9282310000
9284910000
9287500000
9290090000
9292690000
9295280000
9297880000
9300470000
9303060000
9305660000
9308250000
9310840000
9313440000
9316030000
9318630000
9321220000
9323810000
9326410000
9329000000
9331590000
9334190000
9336780000
9339380000
9341970000
9344560000
9347160000
9349750000
9352340000
9354940000
9357530000
9360130000
9362720000
9365310000
9367910000
9370500000
9373090000
9375690000
9378280000
9380880000
9383470000
9386060000
9388660000
9391250000
9393840000
9396440000
9399030000
9401630000
9404220000
9406810000
9409410000
9412000000
9414590000
9417190000
9419780000
9422380000
9424970000
9427560000
9430160000
9432750000
9435340000
9437940000
9440530000
9443130000
9445720000
9448310000
9450910000
9453500000
9456090000
9458690000
9461280000
9463880000
9466470000
9469060000
9471660000
9474250000
9476840000
9479440000
9482030000
9484630000
9487220000
9489810000
9492410000
9495000000
9497590000
9500190000
9502780000
9505380000
9507970000
9510560000
9513160000
9515750000
9518340000
9520940000
9523530000
9526130000
9528720000
9531310000
9533910000
9536500000
9539090000
9541690000
9544280000
9546880000
9549470000
9552060000
9554660000
9557250000
9559840000
9562440000
9565030000
9567630000
9570220000
9572810000
9575410000
9578000000
9580590000
9583190000
9585780000
9588380000
9590970000
9593560000
9596160000
9598750000
9601340000
9603940000
9606530000
9609130000
9611720000
9614310000
9616910000
9619500000
9622090000
9624690000
9627280000
9629880000
9632470000
9635060000
9637660000
9640250000
9642840000
9645440000
9648030000
9650630000
9653220000
9655810000
9658410000
9661000000
9663590000
9666190000
9668780000
9671380000
9673970000
9676560000
9679160000
9681750000
9684340000
9686940000
9689530000
9692130000
9694720000
9697310000
9699910000
9702500000
9705090000
9707690000
9710280000
9712880000
9715470000
9718060000
9720660000
9723250000
9725840000
9728440000
9731030000
9733630000
9736220000
9738810000
9741410000
9744000000
9746590000
9749190000
9751780000
9754380000
9756970000
9759560000
9762160000
9764750000
9767340000
9769940000
9772530000
9775130000
9777720000
9780310000
9782910000
9785500000
9788090000
9790690000
9793280000
9795880000
9798470000
9801060000
9803660000
9806250000
9808840000
9811440000
9814030000
9816630000
9819220000
9821810000
9824410000
9827000000
9829590000
9832190000
9834780000
9837380000
9839970000
9842560000
9845160000
9847750000
9850340000
9852940000
9855530000
9858130000
9860720000
9863310000
9865910000
9868500000
9871090000
9873690000
9876280000
9878880000
9881470000
9884060000
9886660000
9889250000
9891840000
9894440000
9897030000
9899630000
9902220000
9904810000
9907410000
9910000000
9912590000
9915190000
9917780000
9920380000
9922970000
9925560000
9928160000
9930750000
9933340000
9935940000
9938530000
9941130000
9943720000
9946310000
9948910000
9951500000
9954090000
9956690000
9959280000
9961880000
9964470000
9967060000
9969660000
9972250000
9974840000
9977440000
9980030000
9982630000
9985220000
9987810000
9990410000
9993000000
9995590000
9998190000
10000800000
10003400000
10006000000
10008600000
10011200000
10013800000
10016300000
10018900000
10021500000
10024100000
10026700000
10029300000
10031900000
10034500000
10037100000
10039700000
10042300000
10044900000
10047500000
10050100000
10052700000
10055300000
10057800000
10060400000
10063000000
10065600000
10068200000
10070800000
10073400000
10076000000
10078600000
10081200000
10083800000
10086400000
10089000000
10091600000
10094200000
10096800000
10099300000
10101900000
10104500000
10107100000
10109700000
10112300000
10114900000
10117500000
10120100000
10122700000
10125300000
10127900000
10130500000
10133100000
10135700000
10138300000
10140800000
10143400000
10146000000
10148600000
10151200000
10153800000
10156400000
10159000000
10161600000
10164200000
10166800000
10169400000
10172000000
10174600000
10177200000
10179800000
10182300000
10184900000
10187500000
10190100000
10192700000
10195300000
10197900000
10200500000
10203100000
10205700000
10208300000
10210900000
10213500000
10216100000
10218700000
10221300000
10223800000
10226400000
10229000000
10231600000
10234200000
10236800000
10239400000
10242000000
10244600000
10247200000
10249800000
10252400000
10255000000
10257600000
10260200000
10262800000
10265300000
10267900000
10270500000
10273100000
10275700000
10278300000
10280900000
10283500000
10286100000
10288700000
10291300000
10293900000
10296500000
10299100000
10301700000
10304300000
10306800000
10309400000
10312000000
10314600000
10317200000
10319800000
10322400000
10325000000
10327600000
10330200000
10332800000
10335400000
10338000000
10340600000
10343200000
10345800000
10348300000
10350900000
10353500000
10356100000
10358700000
10361300000
10363900000
10366500000
10369100000
10371700000
10374300000
10376900000
10379500000
10382100000
10384700000
10387300000
10389800000
10392400000
10395000000
10397600000
10400200000
10402800000
10405400000
10408000000
10410600000
10413200000
10415800000
10418400000
10421000000
10423600000
10426200000
10428800000
10431300000
10433900000
10436500000
10439100000
10441700000
10444300000
10446900000
10449500000
10452100000
10454700000
10457300000
10459900000
10462500000
10465100000
10467700000
10470300000
10472800000
10475400000
10478000000
10480600000
10483200000
10485800000
10488400000
10491000000
10493600000
10496200000
10498800000
10501400000
10504000000
10506600000
10509200000
10511800000
10514300000
10516900000
10519500000
10522100000
10524700000
10527300000
10529900000
10532500000
10535100000
10537700000
10540300000
10542900000
10545500000
10548100000
10550700000
10553300000
10555800000
10558400000
10561000000
10563600000
10566200000
10568800000
10571400000
10574000000
10576600000
10579200000
10581800000
10584400000
10587000000
10589600000
10592200000
10594800000
10597300000
10599900000
10602500000
10605100000
10607700000
10610300000
10612900000
10615500000
10618100000
10620700000
10623300000
10625900000
10628500000
10631100000
10633700000
10636300000
10638800000
10641400000
10644000000
10646600000
10649200000
10651800000
10654400000
10657000000
10659600000
10662200000
10664800000
10667400000
10670000000
10672600000
10675200000
10677800000
10680300000
10682900000
10685500000
10688100000
10690700000
10693300000
10695900000
10698500000
10701100000
10703700000
10706300000
10708900000
10711500000
10714100000
10716700000
10719300000
10721800000
10724400000
10727000000
10729600000
10732200000
10734800000
10737400000
10740000000
10742600000
10745200000
10747800000
10750400000
10753000000
10755600000
10758200000
10760800000
10763300000
10765900000
10768500000
10771100000
10773700000
10776300000
10778900000
10781500000
10784100000
10786700000
10789300000
10791900000
10794500000
10797100000
10799700000
10802300000
10804800000
10807400000
10810000000
10812600000
10815200000
10817800000
10820400000
10823000000
10825600000
10828200000
10830800000
10833400000
10836000000
10838600000
10841200000
10843800000
10846300000
10848900000
10851500000
10854100000
10856700000
10859300000
10861900000
10864500000
10867100000
10869700000
10872300000
10874900000
10877500000
10880100000
10882700000
10885300000
10887800000
10890400000
10893000000
10895600000
10898200000
10900800000
10903400000
10906000000
10908600000
10911200000
10913800000
10916400000
10919000000
10921600000
10924200000
10926800000
10929300000
10931900000
10934500000
10937100000
10939700000
10942300000
10944900000
10947500000
10950100000
10952700000
10955300000
10957900000
10960500000
10963100000
10965700000
10968300000
10970800000
10973400000
10976000000
10978600000
10981200000
10983800000
10986400000
10989000000
10991600000
10994200000
10996800000
10999400000
11002000000
11004600000
11007200000
11009800000
11012300000
11014900000
11017500000
11020100000
11022700000
11025300000
11027900000
11030500000
11033100000
11035700000
11038300000
11040900000
11043500000
11046100000
11048700000
11051300000
11053800000
11056400000
11059000000
11061600000
11064200000
11066800000
11069400000
11072000000
11074600000
11077200000
11079800000
11082400000
11085000000
11087600000
11090200000
11092800000
11095300000
11097900000
11100500000
11103100000
11105700000
11108300000
11110900000
11113500000
11116100000
11118700000
11121300000
11123900000
11126500000
11129100000
11131700000
11134300000
11136800000
11139400000
11142000000
11144600000
11147200000
11149800000
11152400000
11155000000
11157600000
11160200000
11162800000
11165400000
11168000000
11170600000
11173200000
11175800000
11178300000
11180900000
11183500000
11186100000
11188700000
11191300000
11193900000
11196500000
11199100000
11201700000
11204300000
11206900000
11209500000
11212100000
11214700000
11217300000
11219800000
11222400000
11225000000
11227600000
11230200000
11232800000
11235400000
11238000000
11240600000
11243200000
11245800000
11248400000
11251000000
11253600000
11256200000
11258800000
11261300000
11263900000
11266500000
11269100000
11271700000
11274300000
11276900000
11279500000
11282100000
11284700000
11287300000
11289900000
11292500000
11295100000
11297700000
11300300000
11302800000
11305400000
11308000000
11310600000
11313200000
11315800000
11318400000
11321000000
11323600000
11326200000
11328800000
11331400000
11334000000
11336600000
11339200000
11341800000
11344300000
11346900000
11349500000
11352100000
11354700000
11357300000
11359900000
11362500000
11365100000
11367700000
11370300000
11372900000
11375500000
11378100000
11380700000
11383300000
11385800000
11388400000
11391000000
11393600000
11396200000
11398800000
11401400000
11404000000
11406600000
11409200000
11411800000
11414400000
11417000000
11419600000
11422200000
11424800000
11427300000
11429900000
11432500000
11435100000
11437700000
11440300000
11442900000
11445500000
11448100000
11450700000
11453300000
11455900000
11458500000
11461100000
11463700000
11466300000
11468800000
11471400000
11474000000
11476600000
11479200000
11481800000
11484400000
11487000000
11489600000
11492200000
11494800000
11497400000
11500000000
11502600000
11505200000
11507800000
11510300000
11512900000
11515500000
11518100000
11520700000
11523300000
11525900000
11528500000
11531100000
11533700000
11536300000
11538900000
11541500000
11544100000
11546700000
11549300000
11551800000
11554400000
11557000000
11559600000
11562200000
11564800000
11567400000
11570000000
11572600000
11575200000
11577800000
11580400000
11583000000
11585600000
11588200000
11590800000
11593300000
11595900000
11598500000
11601100000
11603700000
11606300000
11608900000
11611500000
11614100000
11616700000
11619300000
11621900000
11624500000
11627100000
11629700000
11632300000
11634800000
11637400000
11640000000
11642600000
11645200000
11647800000
11650400000
11653000000
11655600000
11658200000
11660800000
11663400000
11666000000
11668600000
11671200000
11673800000
11676300000
11678900000
11681500000
11684100000
11686700000
11689300000
11691900000
11694500000
11697100000
11699700000
11702300000
11704900000
11707500000
11710100000
11712700000
11715300000
11717800000
11720400000
11723000000
11725600000
11728200000
11730800000
11733400000
11736000000
11738600000
11741200000
11743800000
11746400000
11749000000
11751600000
11754200000
11756800000
11759300000
11761900000
11764500000
11767100000
11769700000
11772300000
11774900000
11777500000
11780100000
11782700000
11785300000
11787900000
11790500000
11793100000
11795700000
11798300000
11800800000
11803400000
11806000000
11808600000
11811200000
11813800000
11816400000
11819000000
11821600000
11824200000
11826800000
11829400000
11832000000
11834600000
11837200000
11839800000
11842300000
11844900000
11847500000
11850100000
11852700000
11855300000
11857900000
11860500000
11863100000
11865700000
11868300000
11870900000
11873500000
11876100000
11878700000
11881300000
11883800000
11886400000
11889000000
11891600000
11894200000
11896800000
11899400000
11902000000
11904600000
11907200000
11909800000
11912400000
11915000000
11917600000
11920200000
11922800000
11925300000
11927900000
11930500000
11933100000
11935700000
11938300000
11940900000
11943500000
11946100000
11948700000
11951300000
11953900000
11956500000
11959100000
11961700000
11964300000
11966800000
11969400000
11972000000
11974600000
11977200000
11979800000
11982400000
11985000000
11987600000
11990200000
11992800000
11995400000
11998000000
12000600000
12003200000
12005800000
12008300000
12010900000
12013500000
12016100000
12018700000
12021300000
12023900000
12026500000
12029100000
12031700000
12034300000
12036900000
12039500000
12042100000
12044700000
12047300000
12049800000
12052400000
12055000000
12057600000
12060200000
12062800000
12065400000
12068000000
12070600000
12073200000
12075800000
12078400000
12081000000
12083600000
12086200000
12088800000
12091300000
12093900000
12096500000
12099100000
12101700000
12104300000
12106900000
12109500000
12112100000
12114700000
12117300000
12119900000
12122500000
12125100000
12127700000
12130300000
12132800000
12135400000
12138000000
12140600000
12143200000
12145800000
12148400000
12151000000
12153600000
12156200000
12158800000
12161400000
12164000000
12166600000
12169200000
12171800000
12174300000
12176900000
12179500000
12182100000
12184700000
12187300000
12189900000
12192500000
12195100000
12197700000
12200300000
12202900000
12205500000
12208100000
12210700000
12213300000
12215800000
12218400000
12221000000
12223600000
12226200000
12228800000
12231400000
12234000000
12236600000
12239200000
12241800000
12244400000
12247000000
12249600000
12252200000
12254800000
12257300000
12259900000
12262500000
12265100000
12267700000
12270300000
12272900000
12275500000
12278100000
12280700000
12283300000
12285900000
12288500000
12291100000
12293700000
12296300000
12298800000
12301400000
12304000000
12306600000
12309200000
12311800000
12314400000
12317000000
12319600000
12322200000
12324800000
12327400000
12330000000
12332600000
12335200000
12337800000
12340300000
12342900000
12345500000
12348100000
12350700000
12353300000
12355900000
12358500000
12361100000
12363700000
12366300000
12368900000
12371500000
12374100000
12376700000
12379300000
12381800000
12384400000
12387000000
12389600000
12392200000
12394800000
12397400000
12400000000
