1.017
1.0175
1.0169
1.0193
1.0187
1.0191
1.0198
1.019
1.0193
1.0199
1.0206
1.0195
1.0214
1.0214
1.0201
1.0207
1.0203
1.0212
1.0215
1.0204
1.021
1.0205
1.0209
1.0195
1.0194
1.0207
1.02
1.0199
1.0194
1.0191
1.0192
1.0193
1.0188
1.0179
1.0176
1.017
1.0172
1.0172
1.0158
1.0163
1.0159
1.016
1.0159
1.0161
1.0154
1.0159
1.0158
1.0156
1.0156
1.0143
1.0141
1.0134
1.0152
1.0133
1.0131
1.0139
1.0133
1.0133
1.013
1.0115
1.0124
1.0109
1.0108
1.0108
1.0089
1.01
1.0088
1.0089
1.0091
1.0074
1.0063
1.0055
1.0067
1.0057
1.0051
1.0052
1.004
1.0039
1.0029
1.003
1.002
1.0025
1.0024
1.0023
1.0013
1.0013
1.0015
1.0005
1.0014
1.001
1.0008
1.0004
1.001
1.0003
1.0012
1.0015
1.0018
1.0003
1.0017
1.0018
1.0015
1.0022
1.0014
1.002
1.0021
1.0017
1.003
1.0021
1.0023
1.0022
1.0015
1.0028
1.0015
1.0026
1.0016
1.0019
1.0022
1.0029
1.0009
1.0014
1.0019
1.0019
1.0018
1.0012
1.0022
1.0008
1.0021
1.0005
1.0017
1.0011
1.0009
1.0012
1.0009
1.0015
1.0002
1.0004
1.0011
1.0003
1.0015
1.0012
1.0006
1.0008
1.0008
1.002
1.0021
1.0013
1.0029
1.0023
1.003
1.0024
1.0033
1.0017
1.0028
1.0019
1.0023
1.0027
1.0024
1.0026
1.0024
1.0025
1.0031
1.0013
1.0027
1.0021
1.003
1.0022
1.002
1.0024
1.0015
1.0006
1.0023
1.0008
1.0019
1.001
1.0002
1.001
1.0006
1.0009
0.9993
1.0001
1.0012
0.9996
0.999
0.9999
1.0006
1.0002
1.0008
1.0005
1.0016
1.0011
1.0016
1.0012
1.0003
1.001
1.0022
1.0026
1.0006
1.0029
1.0035
1.0029
1.0032
1.0041
1.0038
1.0022
1.0046
1.0042
1.0033
1.0032
1.0038
1.0022
1.0028
1.0024
1.0023
1.0008
1.002
1.0009
0.9994
0.9991
0.9987
0.998
0.9965
0.9963
0.9954
0.995
0.9934
0.993
0.9927
0.9917
0.9903
0.9907
0.9896
0.9891
0.9897
0.989
0.9885
0.9878
0.9875
0.9882
0.988
0.9878
0.9877
0.9889
0.9884
0.9884
0.9891
0.9898
0.9896
0.99
0.9913
0.9916
0.9917
0.9923
0.9925
0.9917
0.9937
0.9934
0.9944
0.9943
0.9944
0.9955
0.9959
0.9955
0.9948
0.9959
0.9953
0.9964
0.9968
0.9956
0.996
0.9956
0.995
0.9941
0.9937
0.9934
0.9925
0.9922
0.992
0.9918
0.9915
0.9906
0.99
0.9891
0.9882
0.9878
0.9876
0.9869
0.9861
0.9857
0.986
0.9862
0.9868
0.9855
0.9862
0.9857
0.9867
0.988
0.9874
0.987
0.9885
0.9882
0.9906
0.9906
0.9913
0.9924
0.9942
0.9944
0.9957
0.9966
0.9975
0.9989
1.0002
1.0017
1.0019
1.0035
1.0052
1.0051
1.0057
1.0066
1.0071
1.0077
1.0088
1.0088
1.009
1.0084
1.0093
1.0092
1.0089
1.009
1.009
1.0093
1.0077
1.0081
1.0068
1.0068
1.0063
1.0055
1.0053
1.005
1.004
1.0032
1.0028
1.0016
1.0025
1.0027
1.0019
1.0013
1.0012
1.0006
1.0015
1.0009
1.001
1.0019
1.0026
1.0032
1.0032
1.0039
1.0044
1.0048
1.0052
1.0055
1.0074
1.0069
1.0079
1.009
1.0107
1.0106
1.0114
1.0111
1.013
1.0132
1.0138
1.0143
1.0142
1.0162
1.0164
1.0174
1.0171
1.0165
1.0162
1.018
1.0177
1.0168
1.0178
1.0169
1.0173
1.0173
1.0174
1.0175
1.0183
1.0168
1.0171
1.0165
1.017
1.0164
1.0163
1.0161
1.0153
1.0152
1.0144
1.0139
1.0138
1.0136
1.013
1.0133
1.0119
1.0113
1.0109
1.0122
1.011
1.0121
1.01
1.0095
1.0097
1.0097
1.0085
1.0089
1.0092
1.009
1.0089
1.009
1.0087
1.0083
1.0086
1.0081
1.0082
1.0084
1.0091
1.0076
1.0085
1.0077
1.009
1.0089
1.0098
1.0084
1.0092
1.009
1.0093
1.0086
1.0092
1.0099
1.0105
1.0099
1.0104
1.0095
1.0109
1.0094
1.0114
1.0111
1.0116
1.0115
1.012
1.0117
1.012
1.0131
1.0139
1.0135
1.0147
1.0139
1.0147
1.0144
1.0155
1.0152
1.0149
1.0158
1.0159
1.0161
1.0169
1.0168
1.016
1.0168
1.0158
1.017
1.0174
1.0176
1.0168
1.0173
1.0172
1.0168
1.0167
1.0161
1.016
1.0165
1.0157
1.0149
1.014
1.0145
1.0149
1.0138
1.0141
1.0141
1.0132
1.0136
1.0127
1.0144
1.0132
1.0131
1.0137
1.0131
1.0127
1.0141
1.0139
1.0148
1.0157
1.0147
1.0155
1.0174
1.0174
1.0185
1.0185
1.0197
1.02
1.0211
1.0217
1.0217
1.0224
1.0251
1.0249
1.0254
1.0262
1.0253
1.0279
1.028
1.0279
1.0287
1.0289
1.0292
1.0295
1.0301
1.029
1.0299
1.0304
1.0289
1.0292
1.0295
1.0292
1.0293
1.0279
1.027
1.0282
1.0268
1.0255
1.0255
1.0239
1.0231
1.0219
1.0209
1.0208
1.0198
1.0192
1.0188
1.017
1.0159
1.0162
1.0152
1.0145
1.0127
1.0125
1.0122
1.0116
1.0104
1.0102
1.0095
1.0092
1.0092
1.008
1.0073
1.0073
1.0061
1.0072
1.007
1.0067
1.0065
1.0065
1.0057
1.0051
1.0049
1.006
1.0053
1.0039
1.0046
1.0038
1.0054
1.0035
1.0028
1.0018
1.0029
1.0012
1.0015
1
0.9993
0.9989
0.9979
0.9962
0.9959
0.9944
0.9935
0.9932
0.9914
0.989
0.9875
0.9857
0.9845
0.9831
0.9818
0.9801
0.9784
0.9768
0.9758
0.9742
0.9728
0.9712
0.9698
0.9689
0.9677
0.9663
0.9645
0.9632
0.962
0.9613
0.9608
0.9593
0.9577
0.9576
0.9562
0.9561
0.9554
0.9541
0.9539
0.9531
0.9524
0.9515
0.9514
0.9518
0.9513
0.9504
0.9501
0.95
0.9496
0.949
0.9492
0.9489
0.9488
0.9484
0.9482
0.9479
0.947
0.9477
0.9479
0.9471
0.9464
0.9467
0.9465
0.9464
0.9455
0.9448
0.9459
0.9448
0.9445
0.9449
0.9442
0.9439
0.944
0.9435
0.9437
0.9429
0.9426
0.9427
0.9428
0.9427
0.9423
0.9422
0.9428
0.942
0.9422
0.942
0.9419
0.9419
0.9419
0.9426
0.9427
0.943
0.9423
0.9425
0.943
0.9439
0.9433
0.9444
0.9446
0.9452
0.9451
0.9456
0.9465
0.9464
0.9469
0.9468
0.9474
0.9475
0.9482
0.9481
0.9486
0.949
0.9493
0.949
0.9497
0.9492
0.9495
0.9504
0.9505
0.9507
0.9503
0.9505
0.9502
0.9507
0.9512
0.9509
0.9514
0.9507
0.9517
0.9516
0.9512
0.9516
0.9515
0.9524
0.9524
0.953
0.9534
0.9528
0.9542
0.9538
0.9547
0.9545
0.9549
0.9553
0.9554
0.9558
0.956
0.9558
0.9568
0.9563
0.9571
0.957
0.9571
0.9573
0.9575
0.9579
0.9578
0.9575
0.9577
0.9583
0.958
0.9579
0.9577
0.9578
0.9575
0.9579
0.9577
0.9572
0.9575
0.9571
0.9573
0.957
0.9574
0.9572
0.9568
0.9569
0.9573
0.9572
0.957
0.9575
0.9574
0.9577
0.9581
0.9582
0.958
0.958
0.9585
0.9578
0.9592
0.9589
0.9585
0.9592
0.9592
0.959
0.9591
0.9591
0.9594
0.9597
0.9594
0.9597
0.9599
0.9595
0.9602
0.9595
0.9594
0.9594
0.9595
0.96
0.9601
0.9604
0.96
0.96
0.9603
0.9597
0.96
0.9606
0.9608
0.9603
0.9605
0.9612
0.961
0.9611
0.9613
0.9616
0.9622
0.962
0.9628
0.9627
0.9634
0.9633
0.9642
0.9644
0.9641
0.9645
0.9653
0.9646
0.9656
0.9662
0.9664
0.9673
0.9672
0.9683
0.9685
0.9686
0.968
0.9684
0.9694
0.9695
0.9689
0.9693
0.9691
0.9693
0.9697
0.9695
0.9696
0.9693
0.9697
0.9698
0.9698
0.969
0.9688
0.9689
0.9692
0.9687
0.9686
0.9686
0.9686
0.9685
0.9687
0.9683
0.9681
0.9687
0.9688
0.9697
0.9692
0.9691
0.9694
0.9696
0.9705
0.9704
0.9711
0.9706
0.9708
0.972
0.9724
0.9726
0.9736
0.9742
0.9755
0.9769
0.9763
0.9769
0.9786
0.9778
0.9786
0.9799
0.9811
0.9811
0.9814
0.9822
0.9818
0.9819
0.9828
0.9832
0.9827
0.9828
0.9829
0.9832
0.9836
0.9831
0.9828
0.9828
0.9816
0.9811
0.9807
0.9809
0.98
0.9804
0.9797
0.9796
0.9792
0.9784
0.9781
0.977
0.9774
0.9772
0.9766
0.9766
0.9765
0.9768
0.9768
0.9756
0.9771
0.9771
0.976
0.9775
0.9777
0.9778
0.9789
0.9784
0.98
0.9799
0.981
0.9815
0.9826
0.9833
0.9838
0.984
0.985
0.9844
0.9851
0.9865
0.9873
0.9876
0.9887
0.9888
0.9894
0.9895
0.9899
0.9901
0.9903
0.9902
0.9895
0.9896
0.9896
0.9897
0.9893
0.9887
0.9887
0.9889
0.9876
0.9872
0.9869
0.9868
0.9858
0.985
0.984
0.9842
0.9831
0.9827
0.9825
0.9817
0.9813
0.9802
0.9804
0.9798
0.9795
0.9783
0.978
0.9783
0.9783
0.978
0.9776
0.9772
0.9783
0.9783
0.9785
0.9773
0.9776
0.9779
0.9784
0.9792
0.9788
0.9796
0.9801
0.9803
0.9807
0.9811
0.9811
0.9819
0.9814
0.9829
0.9837
0.9833
0.9836
0.984
0.9836
0.9833
0.9854
0.9844
0.9849
0.984
0.9846
0.9851
0.9834
0.9849
0.9843
0.9852
0.9843
0.984
0.9837
0.9838
0.984
0.9841
0.9839
0.9831
0.9835
0.9829
0.9823
0.9828
0.9826
0.9825
0.9821
0.9816
0.9826
0.9819
0.9826
0.9818
0.9816
0.9824
0.9822
0.9823
0.9823
0.9822
0.983
0.9828
0.9826
0.9832
0.9831
0.9829
0.9826
0.9834
0.9835
0.9835
0.9838
0.9823
0.9829
0.9834
0.9826
0.9826
0.9834
0.9822
0.9823
0.9821
0.9824
0.9814
0.9815
0.9826
0.981
0.9812
0.9808
0.9812
0.9808
0.9813
0.9805
0.9812
0.981
0.9809
0.9814
0.9812
0.9818
0.9816
0.9819
0.9816
0.982
0.9832
0.9837
0.9843
0.9845
0.9847
0.9854
0.9855
0.9863
0.9866
0.9875
0.9883
0.9877
0.9882
0.9897
0.9897
0.9901
0.9897
0.9907
0.9908
0.9909
0.9919
0.9913
0.9907
0.9915
0.9911
0.9911
0.9911
0.9905
0.9899
0.9893
0.9887
0.9882
0.9877
0.9871
0.9867
0.9864
0.9853
0.9843
0.9832
0.9825
0.9817
0.9802
0.9802
0.9794
0.9788
0.9778
0.9791
0.9773
0.9772
0.977
0.976
0.9759
0.9762
0.9763
0.9755
0.9763
0.9761
0.9764
0.9765
0.9774
0.9767
0.9779
0.9778
0.9788
0.9796
0.9796
0.9807
0.9815
0.9814
0.9828
0.9831
0.984
0.9845
0.985
0.9862
0.9865
0.9868
0.9872
0.9872
0.9883
0.9871
0.9879
0.9881
0.987
0.9877
0.9865
0.9873
0.987
0.9847
0.9843
0.9842
0.9833
0.9827
0.9812
0.9804
0.9798
0.9788
0.9771
0.9756
0.975
0.9741
0.9733
0.9724
0.9716
0.9702
0.9692
0.9683
0.9679
0.967
0.9663
0.9666
0.9658
0.9651
0.9657
0.9648
0.9658
0.9654
0.9662
0.9668
0.9665
0.9661
0.9676
0.9683
0.9694
0.9696
0.9701
0.9714
0.9722
0.9737
0.9737
0.975
0.9756
0.9762
0.9768
0.9784
0.9784
0.9793
0.9793
0.9804
0.9802
0.9811
0.9812
0.9805
0.9812
0.9807
0.9805
0.9811
0.9801
0.9802
0.9795
0.9786
0.9776
0.9778
0.9774
0.9759
0.9767
0.975
0.9746
0.9733
0.9735
0.9726
0.9721
0.9713
0.9701
0.9688
0.9692
0.9685
0.9689
0.9677
0.9678
0.9676
0.9674
0.9666
0.9669
0.9669
0.9677
0.9681
0.9682
0.9683
0.9687
0.9694
0.9699
0.9698
0.9701
0.9715
0.972
0.9729
0.9731
0.9739
0.9745
0.9752
0.9757
0.9759
0.9771
0.9779
0.978
0.9792
0.9787
0.9794
0.9805
0.9809
0.9812
0.9812
0.9813
0.9818
0.982
0.9828
0.9822
0.9817
0.9819
0.9822
0.9823
0.9825
0.981
0.9822
0.9812
0.9815
0.9814
0.9807
0.9799
0.9801
0.9802
0.9806
0.9795
0.9798
0.9792
0.9798
0.9798
0.9792
0.9797
0.9785
0.9794
0.9793
0.9792
0.9796
0.9795
0.9798
0.9796
0.9799
0.9795
0.9798
0.98
0.9796
0.9801
0.9805
0.9811
0.9808
0.981
0.9818
0.9814
0.9815
0.9816
0.9813
0.9817
0.982
0.9813
0.9812
0.9813
0.9815
0.9817
0.9811
0.9803
0.9804
0.9798
0.9803
0.9798
0.9798
0.9793
0.9791
0.9786
0.9784
0.9779
0.9776
0.9777
0.9777
0.9777
0.9775
0.9774
0.9774
0.9774
0.9771
0.9774
0.9777
0.9774
0.9779
0.9773
0.9773
0.9787
0.9778
0.9779
0.9783
0.9787
0.9785
0.9786
0.9782
0.9787
0.9794
0.9785
0.979
0.9782
0.9785
0.9791
0.9788
0.9787
0.9784
0.9796
0.9788
0.9783
0.9786
0.9792
0.9779
0.9783
0.9781
0.9783
0.978
0.9777
0.9778
0.9774
0.9767
0.9773
0.9769
0.9772
0.9769
0.9772
0.9765
0.9765
0.9765
0.9773
0.9771
0.9774
0.9772
0.9768
0.9768
0.9778
0.9771
0.9772
0.9778
0.9777
0.9779
0.9781
0.9784
0.9785
0.9789
0.9797
0.9791
0.9792
0.9802
0.98
0.9804
0.9811
0.9813
0.9813
0.9815
0.9819
0.9823
0.9831
0.9835
0.9834
0.9842
0.985
0.9847
0.9851
0.9858
0.9865
0.9873
0.9868
0.9876
0.9874
0.9881
0.9888
0.9889
0.9891
0.9888
0.9894
0.989
0.9897
0.9901
0.9898
0.9897
0.9903
0.9901
0.9896
0.99
0.99
0.9901
0.9899
0.9894
0.9893
0.9888
0.989
0.9886
0.9887
0.988
0.9874
0.9876
0.9878
0.9873
0.9876
0.9876
0.9875
0.987
0.9878
0.987
0.9877
0.988
0.9871
0.9883
0.9883
0.9888
0.9889
0.9894
0.9891
0.9894
0.9897
0.9907
0.9906
0.9908
0.9915
0.9919
0.9919
0.9927
0.9929
0.9928
0.9936
0.9943
0.9939
0.9941
0.9945
0.9952
0.9955
0.9954
0.9959
0.9969
0.9968
0.9965
0.9978
0.9976
0.9974
0.9974
0.9977
0.9981
0.9979
0.9981
0.9978
0.9976
0.9977
0.9967
0.9966
0.9966
0.9956
0.9956
0.9949
0.9943
0.9939
0.9943
0.9934
0.9924
0.9919
0.9911
0.9901
0.9899
0.9896
0.9884
0.9885
0.9878
0.9873
0.9868
0.9857
0.9857
0.9856
0.985
0.985
0.9847
0.9848
0.9842
0.9841
0.9838
0.9843
0.9842
0.9842
0.9846
0.985
0.9855
0.9858
0.986
0.9866
0.9871
0.9875
0.9878
0.9889
0.9891
0.9897
0.9901
0.9904
0.9909
0.9914
0.991
0.9922
0.9924
0.9922
0.9928
0.9938
0.9924
0.9927
0.9932
0.9925
0.9926
0.9916
0.9922
0.9908
0.9905
0.9906
0.99
0.9894
0.988
0.9882
0.9874
